87.0 44.0 84.0
88.0 44.0 84.0
89.0 41.0 81.0
88.0 44.0 79.0
89.0 41.0 80.0
87.0 44.0 84.0
88.0 44.0 84.0
88.5 44.0 77.0
92.0 43.0 83.0
89.0 46.0 73.0
88.0 44.0 77.333
86.0 44.0 83.0
90.0 43.0 84.0
92.0 47.0 82.0
91.0 43.0 84.0
87.0 43.0 84.0
89.0 42.0 84.0
86.0 43.0 74.0
91.0 47.0 79.0
90.0 43.0 75.0
87.0 44.0 84.0
89.0 43.0 78.0
92.667 44.333 80.0
91.0 43.667 72.333
90.667 44.0 77.333
92.5 44.0 82.5
92.0 43.0 79.5
89.4 44.6 80.6
92.0 43.333 80.0
91.5 43.833 79.333
91.0 44.0 81.75
91.0 43.5 80.625
89.0 44.0 78.0
92.0 45.0 83.0
93.0 44.0 81.0
92.0 44.0 76.0
92.0 44.0 77.0
94.0 46.0 73.0
90.0 44.0 77.0
92.0 45.0 78.0
92.0 44.0 77.0
94.0 44.0 75.0
92.0 44.0 76.0
93.0 45.0 78.0
94.0 45.0 80.0
93.0 45.0 73.0
92.0 48.0 72.0
90.0 44.0 78.0
92.0 43.0 78.0
94.0 46.0 70.0
89.0 42.0 77.0
92.0 43.0 76.0
91.0 47.0 73.0
94.0 46.0 70.0
92.0 44.0 74.0
89.0 45.0 70.0
87.0 43.0 77.0
93.5 46.5 80.0
94.8 46.6 82.4
95.167 47.667 80.333
96.0 47.5 81.833
96.333 47.833 83.333
96.833 47.5 82.167
95.667 46.333 83.333
95.0 46.75 83.0
96.25 47.5 82.0
95.0 46.6 82.2
94.0 49.0 80.2
96.0 47.2 81.8
96.0 48.6 78.7
97.25 47.75 78.75
94.2 46.4 78.2
95.6 47.7 78.8
95.0 47.2 75.8
95.429 48.429 77.714
96.333 47.333 83.0
94.6 47.4 82.2
95.5 48.75 80.5
94.429 47.286 78.714
94.5 46.0 84.0
93.6 46.0 79.2
94.0 45.25 77.0
94.4 46.4 79.6
93.857 46.286 77.0
94.4 47.2 74.4
95.0 45.0 78.0
94.5 45.0 77.5
94.75 45.75 76.5
94.75 48.0 77.5
95.8 48.2 78.4
94.0 48.0 77.0
94.0 48.0 75.0
95.0 46.0 75.0
96.0 46.0 76.0
93.0 44.5 79.0
96.5 48.0 81.5
95.5 48.5 83.0
94.2 47.6 75.8
94.5 48.5 78.5
93.0 46.0 77.0
93.5 48.0 74.5
93.833 46.0 77.833
94.0 47.167 75.167
93.333 46.667 74.0
93.0 44.0 80.0
93.0 46.0 83.0
95.0 46.0 79.0
94.667 46.333 78.667
93.0 45.0 76.0
93.0 45.0 81.0
93.0 46.25 73.75
94.0 46.0 80.0
93.0 44.0 74.0
93.0 45.0 78.0
89.0 45.0 74.0
93.0 45.0 78.0
91.0 44.0 87.0
93.0 45.0 78.5
93.0 45.0 85.0
94.0 45.0 77.0
94.0 43.0 76.0
97.5 49.75 87.25
98.0 48.0 84.5
89.0 45.0 77.0
90.0 42.0 79.0
92.0 43.0 82.0
94.0 45.0 73.0
89.0 43.0 77.0
89.5 42.0 78.0
89.0 45.0 77.0
91.0 48.0 75.0
93.0 45.0 81.0
90.0 42.0 78.0
90.5 42.0 78.0
93.0 44.5 79.0
92.0 47.0 74.0
93.0 45.0 75.0
93.0 44.0 79.0
92.0 46.0 84.0
92.0 44.0 81.0
93.0 45.0 80.0
88.0 45.0 78.0
89.0 43.0 82.0
93.0 45.0 81.0
89.0 43.0 76.0
92.0 43.0 77.0
92.0 43.0 86.0
93.0 44.0 82.0
92.0 48.0 79.0
93.0 45.0 84.0
93.0 45.0 84.0
93.0 48.0 81.0
91.0 42.0 79.0
91.0 42.0 80.0
92.0 44.0 80.0
89.5 45.5 76.5
93.0 43.0 75.0
101.0 52.0 64.0
97.0 48.0 62.0
97.0 49.0 66.0
99.0 52.0 62.0
100.0 52.0 61.0
97.0 49.0 64.0
98.0 50.0 58.0
97.0 50.0 61.0
97.0 49.0 62.0
97.0 50.0 63.0
98.0 51.0 64.0
97.0 51.0 63.0
98.0 50.0 62.0
97.0 50.0 67.0
99.0 52.0 61.0
99.0 50.0 61.0
97.0 50.0 64.0
95.0 51.0 68.0
99.0 50.0 68.0
97.0 50.0 65.0
100.0 53.0 65.0
98.0 52.0 67.0
99.0 52.0 63.0
101.0 53.0 63.0
97.0 50.0 63.0
99.0 52.0 61.0
99.0 51.0 68.0
97.0 50.0 63.0
97.0 50.0 64.0
97.0 50.0 64.0
99.0 52.0 65.0
99.0 49.0 61.0
97.0 51.0 62.0
98.0 50.0 63.0
97.0 52.0 67.0
96.0 50.0 64.0
97.0 50.0 65.0
97.0 50.0 63.0
98.0 51.0 65.0
98.0 48.0 62.0
98.0 51.0 66.0
96.0 50.0 64.0
94.0 50.0 64.0
96.0 48.0 62.0
98.0 48.0 64.0
97.0 48.0 65.0
97.0 48.0 65.0
98.0 50.0 65.0
99.0 52.0 64.0
97.0 50.0 61.0
97.0 50.0 64.0
98.0 50.0 65.0
96.0 50.0 63.0
97.0 50.0 64.0
97.0 50.0 62.0
98.0 50.0 69.0
97.0 49.0 66.0
96.0 48.0 66.0
97.0 50.0 61.0
99.0 51.0 67.0
96.0 50.0 68.0
97.0 49.0 67.0
99.0 51.0 64.0
97.0 48.0 63.0
97.0 49.0 66.0
96.0 48.0 61.0
97.0 49.0 61.0
96.0 48.0 64.0
97.0 49.0 68.0
97.0 49.0 62.0
99.0 50.0 63.0
97.0 50.0 63.0
98.0 49.0 61.0
97.0 49.0 60.0
98.0 49.0 60.0
97.0 48.0 59.0
99.0 48.0 61.0
99.0 48.0 65.0
97.0 48.0 66.0
99.0 51.0 62.0
99.0 50.0 61.0
99.0 50.0 62.0
99.0 50.0 63.0
95.0 49.0 64.0
99.0 50.0 62.0
97.0 50.0 66.0
97.0 51.0 63.0
98.0 50.0 63.0
97.0 49.0 61.0
98.0 49.0 61.0
97.0 49.0 66.0
97.0 49.0 62.0
97.0 49.0 62.0
99.0 51.0 63.0
99.0 51.0 61.0
97.0 48.0 67.0
98.0 50.0 67.0
98.0 51.0 64.0
98.0 50.0 68.0
97.0 51.0 65.0
99.0 52.0 61.0
100.0 53.0 71.0
98.0 50.0 70.0
97.0 50.0 69.0
99.0 51.0 63.0
97.0 52.0 69.0
97.0 52.0 68.0
98.0 52.0 66.0
99.0 52.0 65.0
98.0 52.0 69.0
101.0 55.0 69.0
97.0 50.0 65.0
97.0 54.0 65.0
97.0 51.0 70.0
99.0 52.0 64.0
99.0 52.0 67.0
96.0 50.0 73.0
98.0 51.0 68.0
97.0 49.0 67.0
99.0 55.0 71.0
95.0 50.0 69.0
96.0 50.0 69.0
98.0 53.0 66.0
97.0 51.0 63.0
102.0 56.0 66.0
97.0 51.0 70.0
95.0 51.0 75.0
97.0 51.0 74.0
98.0 51.0 64.0
103.0 55.0 63.0
99.0 50.0 63.0
100.0 52.0 63.0
97.0 51.0 65.0
98.0 52.0 68.0
101.0 53.0 66.0
98.0 53.0 65.0
98.0 51.0 66.0
102.0 52.0 65.0
98.0 51.0 68.0
97.0 49.0 63.0
98.0 52.0 64.0
95.0 51.0 64.0
97.0 51.0 63.0
96.0 50.0 69.0
96.0 51.0 68.0
98.0 51.0 66.0
98.0 53.0 63.0
95.0 50.0 68.0
97.0 49.0 72.0
96.0 50.0 69.0
98.0 51.0 69.0
98.0 51.0 71.0
95.0 51.0 67.0
98.0 51.0 74.0
98.0 52.0 69.0
95.0 49.0 72.0
96.0 51.0 67.0
95.0 50.0 72.0
96.0 50.0 67.0
95.0 50.0 66.0
98.0 52.0 65.0
98.0 52.0 65.0
97.0 50.0 68.0
96.0 50.0 72.0
96.0 50.0 70.0
98.0 53.0 68.0
97.0 50.0 73.0
97.0 50.0 72.0
97.0 49.0 72.0
97.0 50.0 75.0
97.0 50.0 67.0
98.0 50.0 63.0
98.0 52.0 64.0
98.0 51.0 64.0
98.0 52.0 68.0
98.0 52.0 66.0
98.0 51.0 63.0
98.0 51.0 64.0
97.0 52.0 66.0
98.0 52.0 70.0
98.0 52.0 65.0
95.0 52.0 72.0
96.0 51.0 73.0
96.0 51.0 70.0
98.0 52.0 65.0
97.0 51.0 69.0
98.0 52.0 70.0
95.0 49.0 73.0
95.0 50.0 70.0
101.0 55.0 68.0
98.0 50.0 67.0
96.0 50.0 66.0
97.0 50.0 65.0
97.5 50.25 64.0
97.0 49.5 66.25
100.0 52.0 65.5
99.0 51.0 66.0
97.0 47.0 68.0
96.0 50.0 67.0
97.0 50.0 75.0
97.0 51.0 73.0
98.0 51.0 70.0
98.0 51.0 71.0
95.0 50.0 70.0
100.0 53.0 69.0
97.0 49.0 69.0
97.0 50.0 64.0
99.0 52.0 69.0
98.0 51.0 70.0
98.0 53.0 72.0
99.0 53.0 68.0
98.0 51.0 71.0
98.0 49.0 71.0
97.0 51.0 66.0
97.0 51.0 74.0
97.0 50.0 69.0
99.0 54.0 68.0
94.0 51.0 70.0
96.0 49.0 65.0
95.0 49.0 63.0
96.0 49.0 64.0
97.0 49.0 65.0
95.0 48.0 66.0
98.0 50.0 67.0
94.0 49.0 68.0
95.0 49.0 68.0
95.0 52.0 68.0
96.0 52.0 71.0
97.0 52.0 68.0
97.0 50.0 70.0
95.0 51.0 65.0
97.0 50.0 63.0
97.0 51.0 64.0
98.0 52.0 63.0
95.0 51.0 68.0
98.0 50.0 62.0
103.0 55.0 72.0
103.0 56.0 72.0
105.0 56.0 72.0
100.0 54.0 73.0
95.0 49.0 64.0
95.0 48.0 65.0
96.0 49.0 63.0
95.0 48.0 69.0
96.0 49.0 66.0
97.0 49.0 64.0
96.0 51.0 72.0
98.0 51.0 67.0
98.0 51.0 64.0
98.0 51.0 65.0
99.0 52.0 63.0
97.0 50.0 66.0
98.0 51.0 66.0
96.0 50.0 63.0
97.0 51.0 61.0
97.0 51.0 61.0
98.0 51.0 61.0
98.0 50.0 60.0
97.0 50.0 61.0
97.0 51.0 64.0
99.0 52.0 63.0
97.0 52.0 63.0
98.0 53.0 63.0
96.0 50.0 67.0
99.0 53.0 63.0
100.0 52.0 63.0
97.0 51.0 67.0
97.0 50.0 70.0
95.0 51.0 66.0
97.0 50.0 72.0
97.0 50.0 72.0
99.0 52.0 73.0
98.0 53.0 71.0
95.0 51.0 68.0
99.0 51.0 74.0
99.0 53.0 70.0
98.0 52.0 71.0
97.0 49.0 70.0
103.0 56.0 70.0
98.0 50.0 67.0
98.0 52.0 66.0
98.0 51.0 75.0
99.0 53.0 63.0
98.0 52.0 63.0
99.0 53.0 61.0
96.0 51.0 66.0
100.0 53.0 65.0
100.0 53.0 64.0
100.0 52.0 62.0
102.0 54.0 63.0
102.0 55.0 66.0
98.0 53.0 67.0
99.0 51.0 67.0
101.0 55.0 66.0
98.0 52.0 64.0
97.0 52.0 64.0
99.0 54.0 65.0
97.0 50.0 67.0
98.0 50.0 67.0
99.0 52.0 61.0
97.0 52.0 66.0
101.0 56.0 74.0
97.0 51.0 68.0
99.0 53.0 72.0
98.0 50.0 65.0
101.0 52.0 70.0
98.0 51.0 67.0
99.0 53.0 67.0
97.0 52.0 72.0
98.0 52.0 72.0
97.0 52.0 69.0
99.0 52.0 62.0
97.0 52.0 73.0
99.0 50.0 68.0
98.0 51.0 61.0
99.0 53.0 68.0
97.0 52.0 66.0
99.0 53.0 69.0
99.0 53.0 72.0
98.0 54.0 70.0
98.0 51.0 68.0
100.0 53.0 65.0
98.0 52.0 67.0
100.0 52.0 64.0
97.0 50.0 65.0
99.0 53.0 65.0
99.0 54.0 64.0
98.0 51.0 71.0
99.0 52.0 71.0
98.0 52.0 65.0
99.0 51.0 65.0
99.0 51.0 66.0
99.0 52.0 61.0
99.0 52.0 67.0
96.0 51.0 67.0
97.0 50.0 68.0
102.0 55.0 71.0
99.0 52.0 72.0
99.0 52.0 72.0
98.0 51.0 73.0
97.0 50.0 72.0
98.0 54.0 66.0
99.0 50.0 71.0
97.0 50.0 64.0
99.0 51.0 70.0
97.0 51.0 71.0
99.0 51.0 70.0
99.0 51.0 72.0
101.0 55.0 69.0
99.0 51.0 73.0
99.0 54.0 66.0
97.0 54.0 66.0
99.0 54.0 67.0
100.0 53.0 63.0
100.0 50.0 72.0
103.0 55.0 65.0
100.0 54.0 69.0
98.0 54.0 65.0
98.0 54.0 66.0
99.0 51.0 64.0
99.0 52.0 63.0
98.0 52.0 64.0
97.0 51.0 66.0
101.0 54.0 67.0
100.0 53.0 68.0
99.0 53.0 70.0
100.0 53.0 65.0
101.0 52.0 70.0
99.0 50.0 71.0
101.0 52.0 71.0
98.0 50.0 71.0
97.0 51.0 68.0
102.0 53.0 73.0
96.0 50.0 69.0
99.0 52.0 75.0
98.0 51.0 66.0
98.0 51.0 70.0
98.0 51.0 75.0
97.0 52.0 72.0
97.0 51.0 72.0
96.0 51.0 63.0
96.0 50.0 70.0
99.0 51.0 71.0
100.0 53.0 66.0
101.0 52.0 64.0
101.0 53.0 65.0
101.0 53.0 67.0
102.0 52.0 67.0
96.0 51.0 66.0
98.0 50.0 66.0
102.0 55.0 68.0
97.0 52.0 70.0
102.0 53.0 70.0
101.0 53.0 69.0
100.0 50.0 66.0
100.0 51.0 66.0
99.0 51.0 65.0
99.0 53.0 67.0
100.0 53.0 66.0
98.0 50.0 66.0
100.0 53.0 72.0
100.0 53.0 73.0
99.0 52.0 74.0
103.0 55.0 69.0
100.0 51.0 70.0
99.0 51.0 68.0
100.0 53.0 67.0
100.0 52.0 70.0
98.0 49.0 67.0
98.0 51.0 72.0
97.0 50.0 66.0
99.0 51.0 66.0
97.0 51.0 69.0
101.0 54.0 76.0
97.0 52.0 66.0
97.0 51.0 65.0
99.0 53.0 72.0
100.0 52.0 71.0
98.0 52.0 68.0
99.0 53.0 66.0
99.0 53.0 70.0
101.0 52.0 71.0
101.0 52.0 68.0
101.0 54.0 68.0
99.0 50.0 66.0
100.0 53.0 70.0
100.0 54.0 70.0
99.0 50.0 70.0
99.0 53.0 66.0
99.0 53.0 64.0
97.0 50.0 68.0
100.0 53.0 63.0
100.0 53.0 63.0
101.0 53.0 75.0
99.0 51.0 64.0
98.0 49.0 66.0
99.0 53.0 65.0
96.0 51.0 66.0
96.0 51.0 65.0
98.0 52.0 63.0
101.0 54.0 68.0
100.0 50.0 71.0
98.0 50.0 64.0
98.0 50.0 68.0
98.0 51.0 69.0
97.0 51.0 68.0
97.0 51.0 67.0
100.0 51.0 66.0
100.0 51.0 73.0
103.0 56.0 72.0
102.0 54.0 69.0
99.0 52.0 68.0
101.0 52.0 68.0
100.0 53.0 66.0
99.0 51.0 65.0
98.0 51.0 71.0
100.0 54.0 66.0
101.0 53.0 64.0
100.0 54.0 71.0
99.0 52.0 70.0
98.0 50.0 67.0
96.0 51.0 70.0
98.0 54.0 70.0
98.0 53.0 65.0
99.0 54.0 63.0
97.0 48.0 65.0
101.0 55.0 65.0
96.0 52.0 68.0
100.0 53.0 62.0
97.0 51.0 69.0
97.0 50.0 66.0
98.0 53.0 65.0
98.0 53.0 63.0
99.0 53.0 71.0
97.0 50.0 67.0
97.0 50.0 66.0
97.0 50.0 72.0
98.0 50.0 61.0
98.0 51.0 67.0
98.0 51.0 63.0
97.0 50.0 67.0
98.0 51.0 65.0
98.0 53.0 68.0
97.0 51.0 67.0
100.0 53.0 64.0
102.0 53.0 67.0
101.0 51.0 70.0
101.0 53.0 71.0
100.0 53.0 71.0
102.0 54.0 67.333
100.0 53.0 73.0
98.5 51.0 67.0
99.667 51.333 66.667
101.0 53.5 67.0
98.5 51.0 64.0
98.333 51.0 67.333
99.0 51.333 62.667
98.0 52.0 63.0
97.0 51.0 69.0
97.0 50.0 68.0
99.0 51.0 63.0
96.0 51.0 66.0
98.0 50.0 66.0
66.0 41.0 71.0
66.0 41.0 72.0
66.0 41.0 73.0
66.0 41.0 74.0
66.0 41.0 75.0
66.0 41.0 76.0
66.0 41.0 77.0
66.0 42.0 68.0
66.0 42.0 69.0
66.0 42.0 70.0
66.0 42.0 72.0
66.0 42.0 73.0
66.0 42.0 74.0
66.0 42.0 75.0
66.0 42.0 76.0
66.0 42.0 77.0
66.0 42.0 78.0
66.0 43.0 71.0
66.0 43.0 72.0
66.0 43.0 75.0
66.0 43.0 78.0
66.0 44.0 75.0
66.0 44.0 77.0
66.0 44.0 78.0
66.0 44.0 79.0
66.0 45.0 76.0
66.0 45.0 78.0
66.0 46.0 73.0
66.0 46.0 79.0
66.0 48.0 75.0
66.0 52.0 78.0
66.0 54.0 81.0
67.0 41.0 74.0
67.0 41.0 75.0
67.0 41.0 76.0
67.0 41.0 77.0
67.0 42.0 71.0
67.0 42.0 72.0
67.0 42.0 73.0
67.0 42.0 75.0
67.0 42.0 76.0
67.0 42.0 80.0
67.0 42.0 84.0
67.0 43.0 70.0
67.0 43.0 74.0
67.0 43.0 75.0
67.0 43.0 76.0
67.0 43.0 77.0
67.0 43.0 79.0
67.0 44.0 71.0
67.0 44.0 73.0
67.0 44.0 74.0
67.0 44.0 75.0
67.0 44.0 77.0
67.0 44.0 78.0
67.0 45.0 71.0
67.0 45.0 74.0
67.0 45.0 79.0
67.0 45.0 81.0
67.0 46.0 76.0
67.0 46.0 77.0
67.0 46.0 78.0
67.0 47.0 84.0
67.0 48.0 75.0
67.0 49.0 79.0
67.0 49.0 82.0
67.0 49.0 83.0
67.0 50.0 86.0
67.0 50.0 91.0
67.0 51.0 76.0
68.0 42.0 74.0
68.0 42.0 75.0
68.0 42.0 76.0
68.0 42.0 78.0
68.0 42.0 80.0
68.0 43.0 70.0
68.0 43.0 72.0
68.0 43.0 75.0
68.0 43.0 76.0
68.0 43.0 78.0
68.0 43.0 79.0
68.0 45.0 75.0
68.0 45.0 76.0
68.0 45.0 79.0
68.0 46.0 72.0
68.0 46.0 76.0
68.0 46.0 79.0
68.0 46.0 81.0
68.0 47.0 73.0
68.0 47.0 77.0
68.0 47.0 79.0
68.0 48.0 81.0
68.0 51.0 92.0
68.0 52.0 86.0
68.0 55.0 95.0
68.0 60.0 95.0
69.0 30.0 65.0
69.0 30.0 66.0
69.0 31.0 64.0
69.0 31.0 66.0
69.0 32.0 62.0
69.0 32.0 65.0
69.0 32.0 66.0
69.0 32.0 67.0
69.0 32.0 68.0
69.0 33.0 61.0
69.0 33.0 65.0
69.0 33.0 65.0
69.0 43.0 75.0
69.0 43.0 76.0
69.0 43.0 77.0
69.0 43.0 78.0
69.0 43.0 79.0
69.0 44.0 75.0
69.0 44.0 76.0
69.0 44.0 81.0
69.0 44.0 82.0
69.0 45.0 76.0
69.0 45.0 78.0
69.0 45.0 80.0
69.0 45.0 81.0
69.0 46.0 77.0
69.0 46.0 78.0
69.0 46.0 80.0
69.0 47.0 72.0
69.0 48.0 79.0
69.0 48.0 81.0
69.0 48.0 83.0
69.0 48.0 84.0
69.0 51.0 79.0
69.0 53.0 79.0
69.0 53.0 86.0
69.0 53.0 91.0
69.0 54.0 90.0
69.0 56.0 85.0
70.0 30.0 64.0
70.0 30.0 67.0
70.0 31.0 62.0
70.0 31.0 64.0
70.0 31.0 65.0
70.0 31.0 66.0
70.0 32.0 62.0
70.0 32.0 66.0
70.0 32.0 67.0
70.0 33.0 62.0
70.0 33.0 65.0
70.0 44.0 73.0
70.0 44.0 80.0
70.0 45.0 74.0
70.0 45.0 78.0
70.0 45.0 81.0
70.0 46.0 77.0
70.0 46.0 78.0
70.0 46.0 85.0
70.0 47.0 85.0
70.0 48.0 79.0
70.0 48.0 81.0
70.0 49.0 76.0
70.0 49.0 79.0
70.0 50.0 83.0
70.0 51.0 80.0
70.0 53.0 81.0
70.0 53.0 86.0
71.0 30.0 64.0
71.0 31.0 64.0
71.0 31.0 65.0
71.0 31.0 66.0
71.0 31.0 68.0
71.0 32.0 61.0
71.0 32.0 64.0
71.0 32.0 66.0
71.0 32.0 67.0
71.0 32.0 68.0
71.0 33.0 64.0
71.0 33.0 65.0
71.0 33.0 66.0
71.0 33.0 67.0
71.0 33.0 68.0
71.0 33.0 70.0
71.0 34.0 64.0
71.0 34.0 65.0
71.0 34.0 66.0
71.0 34.0 68.0
71.0 34.0 69.0
71.0 45.0 79.0
71.0 45.0 81.0
71.0 45.0 85.0
71.0 46.0 79.0
71.0 47.0 77.0
71.0 47.0 79.0
71.0 47.0 81.0
71.0 47.0 82.0
71.0 48.0 81.0
71.0 48.0 86.0
71.0 49.0 78.0
71.0 49.0 88.0
71.0 50.0 82.0
71.0 51.0 79.0
72.0 30.0 65.0
72.0 31.0 63.0
72.0 31.0 64.0
72.0 31.0 65.0
72.0 31.0 66.0
72.0 31.0 67.0
72.0 32.0 65.0
72.0 32.0 66.0
72.0 32.0 67.0
72.0 32.0 68.0
72.0 32.0 69.0
72.0 33.0 61.0
72.0 33.0 65.0
72.0 33.0 66.0
72.0 33.0 67.0
72.0 34.0 65.0
72.0 34.0 66.0
72.0 34.0 67.0
72.0 34.0 68.0
72.0 34.0 69.0
72.0 34.0 70.0
72.0 35.0 65.0
72.0 35.0 66.0
72.0 35.0 67.0
73.0 32.0 66.0
73.0 32.0 67.0
73.0 33.0 65.0
73.0 33.0 66.0
73.0 33.0 67.0
73.0 33.0 68.0
73.0 33.0 70.0
73.0 34.0 66.0
73.0 34.0 67.0
73.0 34.0 68.0
73.0 34.0 69.0
73.0 35.0 62.0
73.0 35.0 66.0
73.0 35.0 67.0
73.0 35.0 68.0
73.0 35.0 69.0
73.0 35.0 70.0
73.0 36.0 65.0
73.0 36.0 67.0
73.0 36.0 68.0
73.0 36.0 69.0
73.0 36.0 70.0
73.0 36.0 72.0
73.0 36.0 73.0
73.0 36.0 74.0
73.0 37.0 64.0
73.0 37.0 68.0
73.0 37.0 69.0
73.0 37.0 71.0
73.0 37.0 73.0
73.0 37.0 74.0
73.0 37.0 76.0
73.0 38.0 67.0
73.0 38.0 68.0
73.0 38.0 70.0
73.0 38.0 71.0
73.0 38.0 72.0
73.0 39.0 69.0
74.0 37.0 69.0
74.0 37.0 70.0
74.0 37.0 72.0
74.0 37.0 73.0
74.0 37.0 76.0
74.0 38.0 69.0
74.0 38.0 70.0
74.0 38.0 72.0
74.0 38.0 73.0
74.0 39.0 68.0
74.0 39.0 71.0
74.0 39.0 73.0
74.0 39.0 78.0
74.0 40.0 67.0
74.0 40.0 69.0
74.0 40.0 71.0
74.0 40.0 72.0
74.0 40.0 74.0
74.0 40.0 77.0
74.0 40.0 78.0
74.0 41.0 73.0
74.0 41.0 76.0
74.0 41.0 78.0
74.0 41.0 83.0
74.0 42.0 74.0
74.0 42.0 76.0
74.0 42.0 77.0
74.0 42.0 82.0
74.0 43.0 75.0
74.0 43.0 84.0
74.0 44.0 77.0
74.0 44.0 78.0
74.0 44.0 79.0
74.0 45.0 75.0
74.0 45.0 77.0
74.0 47.0 88.0
74.0 55.0 89.0
74.0 55.0 93.0
76.0 33.0 67.0
76.0 33.0 69.0
76.0 33.0 72.0
76.0 34.0 65.0
76.0 34.0 67.0
76.0 34.0 68.0
76.0 34.0 69.0
76.0 35.0 64.0
76.0 35.0 67.0
76.0 35.0 68.0
76.0 35.0 69.0
76.0 35.0 70.0
76.0 35.0 71.0
76.0 35.0 72.0
76.0 36.0 67.0
76.0 36.0 68.0
76.0 36.0 69.0
76.0 36.0 70.0
76.0 37.0 68.0
76.0 37.0 70.0
76.0 37.0 71.0
76.0 37.0 72.0
76.0 37.0 73.0
76.0 38.0 71.0
76.0 38.0 72.0
76.0 38.0 73.0
76.0 38.0 75.0
76.0 39.0 70.0
76.0 39.0 71.0
76.0 39.0 73.0
76.0 39.0 74.0
76.0 39.0 79.0
76.0 40.0 73.0
76.0 40.0 74.0
76.0 40.0 76.0
76.0 41.0 71.0
76.0 41.0 75.0
76.0 41.0 76.0
78.0 34.0 65.0
78.0 34.0 66.0
78.0 34.0 67.0
78.0 34.0 68.0
78.0 34.0 72.0
78.0 35.0 67.0
78.0 35.0 68.0
78.0 35.0 69.0
78.0 35.0 70.0
78.0 35.0 71.0
78.0 36.0 68.0
78.0 36.0 70.0
78.0 36.0 71.0
78.0 36.0 72.0
78.0 36.0 73.0
78.0 37.0 68.0
78.0 37.0 69.0
78.0 37.0 70.0
78.0 37.0 71.0
78.0 37.0 72.0
78.0 37.0 73.0
78.0 37.0 74.0
78.0 38.0 67.0
78.0 38.0 68.0
78.0 38.0 71.0
78.0 38.0 72.0
78.0 38.0 73.0
78.0 38.0 74.0
78.0 38.0 76.0
78.0 39.0 75.0
78.0 39.0 81.0
78.0 40.0 71.0
78.0 40.0 78.0
78.0 40.0 81.0
78.0 41.0 72.0
78.0 41.0 75.0
78.0 41.0 78.0
78.0 41.0 80.0
80.0 41.0 76.0
80.0 41.0 78.0
80.0 42.0 68.0
80.0 42.0 79.0
80.0 42.0 87.0
80.0 43.0 73.0
80.0 45.0 85.0
80.0 46.0 79.0
80.0 47.0 76.0
81.0 32.0 65.0
81.0 32.0 66.0
81.0 32.0 68.0
81.0 33.0 64.0
81.0 33.0 67.0
81.0 33.0 69.0
81.0 34.0 67.0
81.0 34.0 69.0
81.0 34.0 70.0
81.0 35.0 66.0
81.0 35.0 68.0
81.0 35.0 71.0
81.0 36.0 70.0
81.0 36.0 72.0
81.0 36.0 73.0
81.0 37.0 70.0
81.0 37.0 72.0
81.0 38.0 70.0
81.0 38.0 73.0
81.0 38.0 74.0
81.0 38.0 75.0
81.0 38.0 77.0
81.0 39.0 71.0
81.0 39.0 72.0
81.0 39.0 73.0
81.0 39.0 75.0
81.0 39.0 76.0
81.0 40.0 75.0
81.0 40.0 76.0
85.0 32.0 66.0
85.0 33.0 66.0
85.0 33.0 67.0
85.0 35.0 69.0
85.0 36.0 71.0
85.0 40.0 77.0
85.0 41.0 75.0
85.0 42.0 81.0
85.0 44.0 83.0
86.0 32.0 65.0
86.0 32.0 66.0
86.0 33.0 65.0
86.0 33.0 66.0
86.0 34.0 61.0
59.0 36.0 70.0
59.0 36.0 71.0
59.0 37.0 63.0
59.0 37.0 68.0
59.0 37.0 69.0
59.0 37.0 70.0
59.0 37.0 71.0
59.0 37.0 72.0
59.0 37.0 73.0
59.0 37.0 74.0
59.0 38.0 64.0
59.0 38.0 70.0
59.0 38.0 72.0
59.0 38.0 75.0
59.0 39.0 63.0
59.0 39.0 68.0
59.0 39.0 69.0
59.0 39.0 70.0
59.0 39.0 73.0
59.0 40.0 67.0
59.0 41.0 77.0
59.0 44.0 78.0
59.0 45.0 79.0
59.0 46.0 79.0
59.0 48.0 80.0
59.0 52.0 84.0
60.0 34.0 61.0
60.0 34.0 67.0
60.0 34.0 69.0
60.0 34.0 70.0
60.0 35.0 62.0
60.0 35.0 68.0
60.0 35.0 69.0
60.0 35.0 70.0
60.0 36.0 62.0
60.0 36.0 63.0
60.0 36.0 68.0
60.0 36.0 69.0
61.0 39.0 72.0
61.0 39.0 73.0
61.0 39.0 74.0
61.0 39.0 75.0
61.0 40.0 66.0
61.0 40.0 68.0
61.0 40.0 70.0
61.0 40.0 71.0
61.0 40.0 73.0
61.0 40.0 78.0
61.0 41.0 72.0
61.0 41.0 75.0
61.0 41.0 76.0
61.0 42.0 74.0
61.0 43.0 71.0
61.0 43.0 72.0
61.0 44.0 77.0
61.0 45.0 73.0
61.0 45.0 76.0
61.0 45.0 78.0
61.0 46.0 76.0
61.0 46.0 79.0
62.0 33.0 66.0
62.0 33.0 67.0
62.0 34.0 66.0
62.0 34.0 68.0
62.0 34.0 69.0
62.0 34.0 70.0
62.0 35.0 62.0
62.0 35.0 65.0
62.0 35.0 66.0
62.0 35.0 68.0
62.0 35.0 69.0
62.0 35.0 70.0
62.0 35.0 71.0
62.0 36.0 63.0
62.0 36.0 66.0
62.0 36.0 67.0
63.0 36.0 69.0
63.0 36.0 70.0
63.0 36.0 71.0
63.0 36.0 72.0
63.0 36.0 75.0
63.0 37.0 62.0
63.0 37.0 63.0
63.0 37.0 64.0
63.0 37.0 65.0
63.0 37.0 66.0
63.0 37.0 67.0
63.0 37.0 68.0
63.0 37.0 69.0
63.0 37.0 70.0
63.0 37.0 71.0
63.0 37.0 72.0
63.0 37.0 75.0
63.0 38.0 63.0
63.0 38.0 64.0
63.0 38.0 66.0
63.0 38.0 67.0
63.0 38.0 68.0
63.0 38.0 70.0
63.0 38.0 71.0
63.0 38.0 73.0
63.0 39.0 68.0
63.0 39.0 69.0
63.0 39.0 70.0
63.0 39.0 71.0
63.0 39.0 72.0
63.0 39.0 73.0
63.0 39.0 74.0
63.0 39.0 75.0
63.0 39.0 76.0
63.0 40.0 65.0
63.0 40.0 69.0
63.0 40.0 72.0
63.0 40.0 73.0
64.0 40.0 66.0
64.0 40.0 68.0
64.0 40.0 69.0
64.0 40.0 70.0
64.0 40.0 71.0
64.0 40.0 72.0
64.0 40.0 73.0
64.0 40.0 74.0
64.0 40.0 75.0
64.0 41.0 69.0
64.0 41.0 71.0
64.0 41.0 72.0
64.0 41.0 74.0
64.0 41.0 76.0
64.0 41.0 77.0
64.0 42.0 71.0
64.0 42.0 72.0
64.0 42.0 73.0
64.0 42.0 74.0
64.0 42.0 76.0
64.0 42.0 78.0
64.0 43.0 72.0
64.0 43.0 74.0
64.0 43.0 75.0
64.0 43.0 77.0
64.0 43.0 78.0
64.0 44.0 72.0
64.0 44.0 76.0
64.0 44.0 77.0
64.0 44.0 78.0
64.0 44.0 79.0
64.0 45.0 74.0
64.0 45.0 76.0
64.0 46.0 80.0
64.0 47.0 77.0
64.0 48.0 78.0
64.0 48.0 80.0
64.0 48.0 81.0
65.0 43.0 74.0
65.0 44.0 70.0
65.0 44.0 76.0
65.0 44.0 77.0
65.0 45.0 77.0
65.0 45.0 78.0
65.0 45.0 79.0
65.0 46.0 80.0
65.0 50.0 79.0
65.0 51.0 91.0
65.0 53.0 79.0
66.0 31.0 63.0
66.0 31.0 65.0
66.0 31.0 66.0
66.0 31.0 67.0
66.0 32.0 66.0
66.0 32.0 67.0
66.0 32.0 68.0
66.0 33.0 69.0
66.0 33.0 70.0
66.0 34.0 62.0
66.0 34.0 64.0
66.0 34.0 66.0
66.0 34.0 67.0
66.0 34.0 68.0
66.0 34.0 69.0
66.0 34.0 70.0
66.0 34.0 71.0
66.0 35.0 62.0
66.0 35.0 64.0
66.0 35.0 66.0
66.0 35.0 67.0
66.0 35.0 68.0
66.0 35.0 69.0
66.0 35.0 70.0
66.0 35.0 71.0
66.0 36.0 63.0
66.0 36.0 64.0
67.0 31.0 65.0
67.0 31.0 66.0
67.0 32.0 59.0
67.0 32.0 65.0
67.0 32.0 66.0
67.0 32.0 67.0
67.0 32.0 68.0
67.0 33.0 60.0
67.0 33.0 65.0
67.0 33.0 66.0
67.0 33.0 67.0
67.0 33.0 68.0
67.0 34.0 63.0
67.0 34.0 66.0
67.0 34.0 67.0
67.0 34.0 68.0
67.0 34.0 69.0
67.0 35.0 62.0
67.0 35.0 63.0
67.0 35.0 65.0
67.0 35.0 66.0
67.0 35.0 67.0
67.0 35.0 69.0
67.0 35.0 70.0
67.0 35.0 72.0
67.0 36.0 63.0
67.0 36.0 64.0
67.0 36.0 65.0
67.0 36.0 66.0
67.0 36.0 67.0
67.0 36.0 68.0
67.0 36.0 69.0
67.0 36.0 70.0
67.0 36.0 71.0
67.0 36.0 72.0
67.0 36.0 73.0
67.0 37.0 62.0
67.0 37.0 63.0
67.0 55.0 84.0
68.0 29.0 58.0
68.0 31.0 63.0
68.0 31.0 66.0
68.0 32.0 60.0
68.0 32.0 64.0
68.0 32.0 66.0
68.0 32.0 67.0
68.0 33.0 65.0
68.0 33.0 66.0
68.0 33.0 67.0
68.0 33.0 68.0
68.0 33.0 69.0
68.0 34.0 62.0
68.0 34.0 66.0
68.0 34.0 67.0
68.0 34.0 68.0
68.0 34.0 69.0
68.0 34.0 70.0
68.0 35.0 63.0
68.0 35.0 64.0
68.0 35.0 65.0
68.0 35.0 66.0
68.0 35.0 68.0
68.0 35.0 69.0
68.0 35.0 70.0
68.0 35.0 71.0
68.0 36.0 64.0
68.0 36.0 67.0
68.0 36.0 68.0
68.0 36.0 69.0
68.0 36.0 70.0
68.0 36.0 71.0
68.0 36.0 72.0
68.0 36.0 73.0
68.0 37.0 64.0
68.0 37.0 66.0
68.0 37.0 67.0
69.0 33.0 66.0
69.0 33.0 67.0
69.0 33.0 69.0
69.0 34.0 63.0
69.0 34.0 65.0
69.0 34.0 66.0
69.0 34.0 67.0
69.0 34.0 68.0
69.0 34.0 69.0
69.0 34.0 70.0
69.0 34.0 71.0
69.0 35.0 64.0
69.0 35.0 66.0
69.0 35.0 67.0
69.0 35.0 68.0
69.0 35.0 69.0
69.0 35.0 70.0
69.0 35.0 71.0
69.0 35.0 72.0
69.0 36.0 63.0
69.0 36.0 64.0
69.0 36.0 66.0
69.0 36.0 67.0
69.0 36.0 68.0
69.0 36.0 69.0
69.0 36.0 70.0
69.0 36.0 71.0
69.0 37.0 66.0
69.0 37.0 67.0
69.0 37.0 68.0
69.0 37.0 69.0
69.0 37.0 70.0
69.0 37.0 71.0
69.0 37.0 72.0
69.0 37.0 73.0
69.0 37.0 75.0
69.0 38.0 64.0
69.0 38.0 68.0
70.0 33.0 66.0
70.0 33.0 67.0
70.0 33.0 68.0
70.0 33.0 69.0
70.0 34.0 64.0
70.0 34.0 65.0
70.0 34.0 66.0
70.0 34.0 67.0
70.0 34.0 68.0
70.0 34.0 69.0
70.0 34.0 71.0
70.0 35.0 62.0
70.0 35.0 63.0
70.0 35.0 64.0
70.0 35.0 66.0
70.0 35.0 67.0
70.0 35.0 68.0
70.0 35.0 69.0
70.0 35.0 70.0
70.0 35.0 71.0
70.0 36.0 66.0
70.0 36.0 67.0
70.0 36.0 68.0
70.0 36.0 69.0
70.0 36.0 70.0
70.0 36.0 71.0
70.0 36.0 72.0
70.0 37.0 63.0
70.0 37.0 64.0
70.0 37.0 66.0
70.0 37.0 67.0
70.0 37.0 68.0
70.0 37.0 69.0
70.0 37.0 70.0
70.0 37.0 71.0
70.0 37.0 72.0
70.0 37.0 73.0
70.0 38.0 68.0
71.0 34.0 70.0
71.0 34.0 71.0
71.0 35.0 66.0
71.0 35.0 67.0
71.0 35.0 68.0
71.0 35.0 69.0
71.0 35.0 70.0
71.0 35.0 71.0
71.0 35.0 72.0
71.0 36.0 63.0
71.0 36.0 66.0
71.0 36.0 67.0
71.0 36.0 68.0
71.0 36.0 69.0
71.0 36.0 70.0
71.0 36.0 71.0
71.0 36.0 73.0
71.0 37.0 64.0
71.0 37.0 66.0
71.0 37.0 68.0
71.0 37.0 69.0
71.0 37.0 70.0
71.0 37.0 71.0
71.0 37.0 72.0
71.0 37.0 73.0
71.0 38.0 67.0
71.0 38.0 68.0
71.0 38.0 70.0
71.0 38.0 71.0
71.0 38.0 72.0
71.0 38.0 73.0
71.0 38.0 74.0
71.0 38.0 76.0
71.0 38.0 79.0
71.0 39.0 69.0
71.0 39.0 70.0
71.0 39.0 71.0
71.0 39.0 72.0
72.0 35.0 68.0
72.0 35.0 69.0
72.0 35.0 70.0
72.0 35.0 71.0
72.0 35.0 73.0
72.0 36.0 64.0
72.0 36.0 67.0
72.0 36.0 68.0
72.0 36.0 69.0
72.0 36.0 70.0
72.0 36.0 71.0
72.0 36.0 72.0
72.0 36.0 74.0
72.0 37.0 65.0
72.0 37.0 66.0
72.0 37.0 68.0
72.0 37.0 69.0
72.0 37.0 70.0
72.0 37.0 71.0
72.0 37.0 72.0
72.0 37.0 74.0
72.0 38.0 68.0
72.0 38.0 69.0
72.0 38.0 70.0
72.0 38.0 71.0
72.0 38.0 72.0
72.0 38.0 73.0
72.0 38.0 74.0
72.0 39.0 67.0
72.0 39.0 69.0
72.0 39.0 72.0
72.0 39.0 73.0
72.0 39.0 74.0
72.0 39.0 75.0
72.0 39.0 77.0
72.0 40.0 70.0
72.0 40.0 71.0
72.0 40.0 72.0
73.0 39.0 70.0
73.0 39.0 71.0
73.0 39.0 74.0
73.0 39.0 75.0
73.0 39.0 76.0
73.0 39.0 77.0
73.0 39.0 79.0
73.0 40.0 70.0
73.0 40.0 71.0
73.0 40.0 72.0
73.0 40.0 73.0
73.0 40.0 74.0
73.0 40.0 76.0
73.0 40.0 77.0
73.0 41.0 70.0
73.0 41.0 71.0
73.0 41.0 72.0
73.0 41.0 74.0
73.0 41.0 75.0
73.0 41.0 78.0
73.0 41.0 79.0
73.0 41.0 80.0
73.0 42.0 71.0
73.0 42.0 73.0
73.0 42.0 75.0
73.0 43.0 73.0
73.0 43.0 74.0
73.0 43.0 75.0
73.0 43.0 76.0
73.0 43.0 77.0
73.0 43.0 86.0
73.0 44.0 75.0
73.0 44.0 76.0
73.0 46.0 78.0
73.0 47.0 74.0
73.0 47.0 78.0
73.0 47.0 80.0
73.0 48.0 78.0
74.0 58.0 90.0
75.0 30.0 64.0
75.0 30.0 65.0
75.0 30.0 66.0
75.0 31.0 64.0
75.0 32.0 66.0
75.0 32.0 68.0
75.0 33.0 65.0
75.0 33.0 66.0
75.0 33.0 67.0
75.0 33.0 68.0
75.0 33.0 69.0
75.0 34.0 64.0
75.0 34.0 65.0
75.0 34.0 66.0
75.0 34.0 67.0
75.0 34.0 70.0
75.0 35.0 66.0
75.0 35.0 67.0
75.0 35.0 68.0
75.0 35.0 69.0
75.0 35.0 70.0
75.0 35.0 71.0
75.0 35.0 72.0
75.0 36.0 64.0
75.0 36.0 65.0
75.0 36.0 67.0
75.0 36.0 69.0
75.0 36.0 70.0
75.0 36.0 71.0
75.0 36.0 72.0
75.0 36.0 74.0
75.0 37.0 67.0
75.0 37.0 69.0
75.0 37.0 70.0
75.0 37.0 71.0
75.0 38.0 69.0
75.0 38.0 70.0
76.0 41.0 77.0
76.0 42.0 75.0
76.0 42.0 83.0
76.0 43.0 77.0
76.0 43.0 81.0
76.0 44.0 81.0
76.0 44.0 87.0
76.0 47.0 77.0
76.0 47.0 78.0
76.0 47.0 87.0
76.0 48.0 79.0
76.0 49.0 76.0
76.0 50.0 81.0
77.0 29.0 63.0
77.0 30.0 65.0
77.0 31.0 64.0
77.0 32.0 62.0
77.0 32.0 65.0
77.0 32.0 66.0
77.0 32.0 67.0
77.0 33.0 65.0
77.0 33.0 66.0
77.0 33.0 67.0
77.0 34.0 60.0
77.0 34.0 67.0
77.0 34.0 68.0
77.0 34.0 69.0
77.0 34.0 71.0
77.0 35.0 66.0
77.0 35.0 67.0
77.0 35.0 68.0
77.0 35.0 69.0
77.0 35.0 70.0
77.0 35.0 72.0
77.0 36.0 67.0
77.0 36.0 68.0
77.0 36.0 69.0
77.0 36.0 70.0
78.0 42.0 75.0
78.0 42.0 80.0
78.0 43.0 76.0
78.0 44.0 74.0
78.0 47.0 84.0
78.0 48.0 73.0
79.0 32.0 64.0
79.0 32.0 65.0
79.0 32.0 67.0
79.0 33.0 65.0
79.0 33.0 66.0
79.0 33.0 67.0
79.0 34.0 67.0
79.0 34.0 68.0
79.0 34.0 69.0
79.0 35.0 66.0
79.0 35.0 67.0
79.0 35.0 68.0
79.0 35.0 69.0
79.0 35.0 70.0
79.0 36.0 67.0
79.0 36.0 68.0
79.0 36.0 69.0
79.0 36.0 72.0
79.0 36.0 73.0
79.0 37.0 69.0
79.0 37.0 71.0
79.0 37.0 72.0
79.0 37.0 74.0
79.0 37.0 76.0
79.0 38.0 68.0
79.0 38.0 70.0
79.0 38.0 71.0
79.0 38.0 77.0
79.0 39.0 69.0
79.0 39.0 70.0
79.0 39.0 72.0
79.0 39.0 73.0
81.0 40.0 78.0
81.0 41.0 76.0
81.0 42.0 78.0
81.0 42.0 84.0
81.0 49.0 80.0
82.0 32.0 63.0
82.0 32.0 66.0
82.0 33.0 66.0
82.0 33.0 67.0
82.0 33.0 68.0
82.0 33.0 69.0
82.0 34.0 67.0
82.0 34.0 70.0
82.0 35.0 67.0
82.0 35.0 68.0
82.0 35.0 70.0
82.0 36.0 68.0
82.0 36.0 71.0
82.0 36.0 74.0
82.0 37.0 72.0
82.0 37.0 73.0
82.0 37.0 74.0
82.0 38.0 73.0
82.0 38.0 76.0
82.0 39.0 74.0
82.0 39.0 76.0
82.0 40.0 72.0
82.0 40.0 76.0
82.0 40.0 77.0
82.0 41.0 76.0
82.0 41.0 83.0
82.0 43.0 81.0
82.0 47.0 89.0
83.0 31.0 64.0
83.0 32.0 64.0
83.0 32.0 65.0
83.0 32.0 66.0
83.0 33.0 66.0
86.0 35.0 73.0
86.0 37.0 73.0
86.0 38.0 76.0
86.0 42.0 79.0
87.0 29.0 59.0
87.0 34.0 68.0
87.0 34.0 69.0
87.0 35.0 69.0
87.0 35.0 74.0
87.0 36.0 71.0
87.0 36.0 72.0
87.0 36.0 74.0
88.0 32.0 66.0
88.0 32.0 67.0
45.0 47.0 71.0
45.0 47.0 72.0
45.0 47.0 73.0
45.0 47.0 74.0
45.0 47.0 75.0
45.0 48.0 67.0
45.0 48.0 69.0
45.0 48.0 70.0
45.0 48.0 71.0
45.0 48.0 72.0
46.0 50.0 66.0
46.0 50.0 67.0
46.0 50.0 69.0
46.0 50.0 70.0
46.0 50.0 73.0
46.0 50.0 74.0
46.0 50.0 75.0
46.0 50.0 76.0
46.0 50.0 77.0
46.0 50.0 78.0
46.0 51.0 69.0
46.0 51.0 71.0
46.0 51.0 72.0
46.0 51.0 74.0
46.0 51.0 75.0
46.0 51.0 76.0
46.0 51.0 77.0
46.0 51.0 78.0
46.0 51.0 79.0
46.0 52.0 68.0
46.0 52.0 70.0
46.0 52.0 71.0
46.0 52.0 72.0
46.0 52.0 74.0
46.0 52.0 75.0
46.0 52.0 76.0
46.0 52.0 77.0
46.0 52.0 78.0
46.0 52.0 79.0
46.0 53.0 71.0
46.0 53.0 75.0
46.0 53.0 76.0
46.0 53.0 77.0
46.0 53.0 78.0
46.0 53.0 79.0
46.0 54.0 71.0
46.0 54.0 76.0
46.0 54.0 78.0
48.0 52.0 74.0
48.0 52.0 76.0
48.0 52.0 77.0
48.0 52.0 78.0
48.0 53.0 72.0
48.0 53.0 73.0
48.0 53.0 74.0
48.0 53.0 76.0
48.0 53.0 77.0
48.0 53.0 78.0
48.0 53.0 79.0
48.0 54.0 73.0
48.0 54.0 74.0
48.0 54.0 76.0
48.0 54.0 77.0
48.0 54.0 78.0
48.0 54.0 79.0
48.0 54.0 80.0
48.0 55.0 76.0
48.0 56.0 81.0
48.0 57.0 78.0
48.0 57.0 80.0
48.0 57.0 81.0
49.0 50.0 68.0
49.0 50.0 74.0
49.0 50.0 76.0
49.0 51.0 70.0
49.0 51.0 75.0
49.0 51.0 76.0
49.0 51.0 77.0
49.0 52.0 72.0
49.0 52.0 73.0
49.0 52.0 74.0
49.0 52.0 75.0
49.0 52.0 77.0
49.0 52.0 78.0
49.0 53.0 71.0
49.0 53.0 73.0
52.0 57.0 80.0
52.0 57.0 81.0
52.0 58.0 79.0
52.0 58.0 82.0
52.0 59.0 79.0
52.0 59.0 80.0
52.0 59.0 81.0
52.0 59.0 82.0
52.0 59.0 85.0
52.0 60.0 78.0
52.0 60.0 79.0
52.0 60.0 81.0
52.0 60.0 83.0
52.0 60.0 85.0
52.0 60.0 87.0
52.0 61.0 80.0
52.0 61.0 82.0
52.0 61.0 84.0
52.0 61.0 85.0
52.0 61.0 87.0
52.0 62.0 85.0
52.0 62.0 86.0
52.0 62.0 88.0
52.0 62.0 89.0
52.0 63.0 88.0
52.0 63.0 89.0
52.0 63.0 90.0
52.0 63.0 91.0
52.0 63.0 92.0
52.0 63.0 93.0
52.0 64.0 86.0
52.0 64.0 87.0
52.0 64.0 89.0
52.0 64.0 90.0
52.0 64.0 91.0
52.0 64.0 92.0
52.0 65.0 91.0
52.0 65.0 94.0
54.0 62.0 88.0
54.0 62.0 90.0
54.0 62.0 95.0
54.0 63.0 84.0
54.0 63.0 85.0
54.0 63.0 89.0
54.0 63.0 90.0
54.0 63.0 94.0
54.0 63.0 95.0
54.0 64.0 84.0
54.0 64.0 85.0
54.0 64.0 86.0
54.0 64.0 87.0
54.0 64.0 88.0
54.0 64.0 89.0
54.0 64.0 91.0
54.0 64.0 92.0
54.0 64.0 93.0
54.0 64.0 96.0
54.0 64.0 97.0
54.0 65.0 85.0
54.0 65.0 86.0
54.0 65.0 87.0
54.0 65.0 88.0
54.0 65.0 90.0
54.0 65.0 91.0
54.0 65.0 92.0
54.0 65.0 93.0
54.0 65.0 94.0
54.0 65.0 95.0
54.0 65.0 96.0
54.0 66.0 89.0
54.0 66.0 90.0
54.0 66.0 93.0
54.0 66.0 94.0
54.0 66.0 95.0
54.0 67.0 88.0
54.0 67.0 90.0
55.0 67.0 89.0
55.0 67.0 90.0
55.0 67.0 91.0
55.0 67.0 92.0
55.0 67.0 93.0
55.0 67.0 94.0
55.0 67.0 95.0
55.0 67.0 96.0
55.0 67.0 97.0
55.0 67.0 98.0
55.0 68.0 91.0
55.0 68.0 92.0
55.0 68.0 93.0
55.0 68.0 94.0
55.0 68.0 95.0
55.0 68.0 96.0
55.0 68.0 97.0
55.0 69.0 89.0
55.0 69.0 95.0
55.0 69.0 99.0
56.0 53.0 75.0
56.0 59.0 76.0
56.0 59.0 94.0
56.0 60.0 79.0
56.0 60.0 83.0
56.0 60.0 84.0
56.0 60.0 87.0
56.0 61.0 82.0
56.0 61.0 85.0
56.0 62.0 101.0
56.0 62.0 80.0
56.0 62.0 81.0
56.0 62.0 82.0
56.0 62.0 83.0
56.0 62.0 84.0
56.0 62.0 85.0
56.0 62.0 87.0
56.0 62.0 90.0
56.0 69.0 102.0
56.0 69.0 91.0
56.0 69.0 94.0
56.0 69.0 95.0
56.0 69.0 96.0
56.0 69.0 97.0
56.0 69.0 98.0
56.0 69.0 99.0
56.0 70.0 94.0
56.0 70.0 97.0
56.0 70.0 98.0
56.0 70.0 99.0
44.0 51.0 77.0
44.0 51.0 78.0
45.0 53.0 75.0
45.0 53.0 76.0
45.0 55.0 84.0
45.0 55.0 85.0
45.0 56.0 82.0
45.0 56.0 83.0
45.0 56.0 85.0
45.0 56.0 86.0
44.0 52.0 72.0
44.0 52.0 73.0
44.0 52.0 77.0
53.0 65.0 83.0
53.0 65.0 88.0
53.0 65.0 91.0
53.0 66.0 93.0
53.0 66.0 94.0
53.0 66.0 95.0
56.0 67.0 95.0
56.0 67.0 96.0
56.0 67.0 97.0
56.0 67.0 99.0
56.0 68.0 102.0
56.0 68.0 103.0
58.0 70.0 103.0
58.0 70.0 105.0
58.0 70.0 108.0
58.0 70.0 91.0
58.0 70.0 92.0
58.0 70.0 93.0
58.0 70.0 94.0
63.0 72.0 100.0
63.0 72.0 105.0
66.0 75.0 101.0
66.0 75.0 102.0
66.0 75.0 103.0
66.0 75.0 104.0
66.0 75.0 95.0
66.0 75.0 97.0
66.0 75.0 99.0
66.0 76.0 104.0
59.0 72.0 99.0
59.0 73.0 102.0
59.0 73.0 104.0
59.0 73.0 105.0
51.0 55.0 78.0
51.0 57.0 83.0
51.0 58.0 78.0
51.0 58.0 79.0
51.0 58.0 80.0
59.0 73.0 106.0
62.0 74.0 94.0
62.0 74.0 96.0
62.0 74.0 97.0
62.0 75.0 100.0
62.0 75.0 102.0
62.0 75.0 105.0
72.0 82.0 104.0
72.0 82.0 106.0
72.0 82.0 107.0
72.0 82.0 108.0
72.0 83.0 103.0
74.0 81.0 104.0
58.0 66.0 86.0
58.0 66.0 87.0
58.0 66.0 88.0
58.0 66.0 89.0
58.0 66.0 90.0
58.0 66.0 91.0
58.0 66.0 92.0
58.0 66.0 94.0
58.0 66.0 95.0
58.0 66.0 96.0
58.0 66.0 97.0
58.0 66.0 99.0
58.0 67.0 100.0
58.0 67.0 101.0
58.0 67.0 88.0
58.0 67.0 89.0
58.0 74.0 105.0
58.0 74.0 106.0
59.0 61.0 82.0
59.0 62.0 90.0
59.0 64.0 96.0
59.0 64.0 98.0
59.0 65.0 88.0
59.0 65.0 93.0
59.0 65.0 98.0
59.0 66.0 90.0
59.0 66.0 91.0
59.0 66.0 92.0
59.0 66.0 94.0
59.0 66.0 95.0
59.0 66.0 96.0
59.0 66.0 97.0
59.0 67.0 100.0
59.0 67.0 103.0
59.0 67.0 86.0
59.0 67.0 87.0
59.0 67.0 88.0
59.0 67.0 90.0
59.0 67.0 91.0
59.0 67.0 93.0
59.0 67.0 94.0
59.0 67.0 96.0
59.0 67.0 97.0
59.0 67.0 98.0
59.0 67.0 99.0
59.0 68.0 100.0
59.0 68.0 102.0
59.0 68.0 103.0
59.0 68.0 88.0
59.0 68.0 89.0
59.0 68.0 90.0
59.0 68.0 92.0
59.0 68.0 93.0
59.0 68.0 94.0
59.0 76.0 105.0
60.0 65.0 91.0
60.0 66.0 90.0
60.0 66.0 96.0
60.0 67.0 95.0
60.0 67.0 96.0
60.0 67.0 97.0
60.0 67.0 98.0
60.0 67.0 99.0
60.0 68.0 100.0
60.0 68.0 101.0
60.0 68.0 90.0
60.0 68.0 93.0
60.0 68.0 94.0
60.0 68.0 95.0
60.0 68.0 98.0
60.0 68.0 99.0
60.0 69.0 100.0
60.0 69.0 101.0
60.0 69.0 102.0
60.0 69.0 104.0
60.0 69.0 90.0
60.0 69.0 91.0
60.0 69.0 92.0
60.0 69.0 93.0
60.0 69.0 94.0
60.0 69.0 96.0
60.0 69.0 99.0
60.0 70.0 101.0
60.0 70.0 102.0
60.0 70.0 103.0
60.0 70.0 104.0
60.0 70.0 105.0
60.0 70.0 91.0
60.0 70.0 92.0
60.0 70.0 93.0
60.0 70.0 94.0
60.0 70.0 95.0
61.0 71.0 105.0
61.0 71.0 106.0
61.0 71.0 107.0
61.0 71.0 92.0
61.0 71.0 94.0
61.0 71.0 95.0
61.0 71.0 96.0
61.0 71.0 97.0
61.0 71.0 99.0
61.0 72.0 100.0
61.0 72.0 101.0
61.0 72.0 102.0
61.0 72.0 103.0
61.0 72.0 104.0
61.0 72.0 105.0
61.0 72.0 106.0
61.0 72.0 107.0
61.0 72.0 94.0
61.0 72.0 95.0
61.0 72.0 96.0
61.0 72.0 98.0
61.0 73.0 100.0
61.0 73.0 101.0
61.0 73.0 102.0
61.0 73.0 103.0
61.0 73.0 104.0
61.0 73.0 105.0
61.0 73.0 106.0
61.0 73.0 107.0
61.0 73.0 108.0
61.0 73.0 109.0
61.0 73.0 97.0
61.0 73.0 98.0
61.0 73.0 99.0
61.0 74.0 100.0
61.0 74.0 101.0
61.0 74.0 102.0
61.0 74.0 103.0
63.0 72.0 96.0
63.0 73.0 104.0
63.0 73.0 105.0
63.0 73.0 106.0
63.0 73.0 94.0
63.0 74.0 100.0
63.0 74.0 104.0
63.0 74.0 106.0
63.0 74.0 91.0
63.0 74.0 93.0
63.0 74.0 94.0
63.0 74.0 95.0
63.0 74.0 96.0
63.0 74.0 97.0
63.0 75.0 100.0
63.0 75.0 106.0
63.0 75.0 108.0
63.0 75.0 93.0
63.0 75.0 94.0
63.0 75.0 95.0
63.0 75.0 98.0
63.0 76.0 93.0
63.0 78.0 103.0
64.0 70.0 93.0
64.0 72.0 100.0
64.0 72.0 101.0
64.0 72.0 99.0
64.0 73.0 100.0
64.0 73.0 93.0
64.0 73.0 95.0
64.0 74.0 100.0
64.0 74.0 101.0
64.0 74.0 97.0
64.0 75.0 101.0
64.0 75.0 106.0
64.0 75.0 109.0
64.0 75.0 95.0
64.0 75.0 97.0
67.0 77.0 98.0
67.0 78.0 102.0
67.0 80.0 103.0
67.0 80.0 105.0
67.0 82.0 108.0
68.0 75.0 100.0
68.0 75.0 101.0
68.0 75.0 103.0
68.0 75.0 104.0
68.0 75.0 105.0
68.0 75.0 99.0
68.0 76.0 101.0
68.0 76.0 102.0
68.0 76.0 104.0
68.0 76.0 108.0
68.0 77.0 102.0
68.0 77.0 103.0
68.0 77.0 104.0
68.0 77.0 105.0
68.0 77.0 98.0
68.0 77.0 99.0
68.0 78.0 103.0
68.0 78.0 98.0
68.0 80.0 103.0
68.0 82.0 104.0
69.0 67.0 87.0
69.0 70.0 92.0
69.0 75.0 101.0
69.0 75.0 102.0
69.0 75.0 106.0
69.0 75.0 95.0
69.0 75.0 96.0
69.0 76.0 100.0
69.0 76.0 101.0
69.0 76.0 102.0
69.0 76.0 103.0
69.0 76.0 105.0
69.0 76.0 91.0
72.0 83.0 107.0
72.0 83.0 109.0
73.0 78.0 105.0
73.0 79.0 102.0
73.0 80.0 101.0
36.0 47.0 73.0
36.0 47.0 74.0
36.0 47.0 75.0
36.0 47.0 76.0
36.0 47.0 78.0
36.0 48.0 73.0
36.0 48.0 74.0
36.0 48.0 75.0
36.0 48.0 76.0
36.0 48.0 77.0
36.0 48.0 79.0
36.0 49.0 74.0
36.0 49.0 76.0
36.0 49.0 77.0
36.0 50.0 74.0
36.0 50.0 76.0
36.0 50.0 77.0
36.0 50.0 78.0
36.0 52.0 78.0
37.0 40.0 70.0
37.0 41.0 58.0
37.0 41.0 61.0
37.0 41.0 71.0
37.0 42.0 61.0
37.0 42.0 62.0
37.0 42.0 64.0
37.0 42.0 71.0
37.0 43.0 62.0
37.0 43.0 63.0
37.0 43.0 65.0
37.0 43.0 67.0
37.0 43.0 71.0
37.0 43.0 72.0
37.0 43.0 73.0
37.0 44.0 65.0
37.0 44.0 68.0
37.0 44.0 70.0
37.0 44.0 71.0
38.0 46.0 75.0
38.0 46.0 77.0
38.0 47.0 73.0
38.0 47.0 74.0
38.0 47.0 75.0
38.0 47.0 76.0
38.0 47.0 77.0
38.0 48.0 73.0
38.0 48.0 75.0
38.0 48.0 76.0
38.0 48.0 77.0
38.0 49.0 75.0
38.0 49.0 76.0
38.0 49.0 77.0
38.0 49.0 78.0
38.0 49.0 79.0
38.0 49.0 80.0
38.0 50.0 75.0
38.0 50.0 77.0
38.0 50.0 78.0
38.0 50.0 79.0
38.0 50.0 80.0
38.0 50.0 81.0
38.0 50.0 82.0
38.0 51.0 79.0
38.0 51.0 80.0
38.0 51.0 81.0
38.0 51.0 82.0
38.0 52.0 80.0
38.0 52.0 81.0
38.0 52.0 82.0
38.0 52.0 83.0
38.0 52.0 84.0
38.0 53.0 80.0
38.0 53.0 82.0
38.0 53.0 83.0
38.0 53.0 84.0
38.0 53.0 85.0
39.0 53.0 82.0
39.0 53.0 83.0
39.0 53.0 84.0
39.0 53.0 85.0
39.0 53.0 86.0
39.0 54.0 82.0
39.0 54.0 83.0
39.0 54.0 84.0
39.0 54.0 85.0
39.0 54.0 86.0
39.0 54.0 88.0
39.0 55.0 84.0
39.0 55.0 85.0
40.0 42.0 62.0
40.0 44.0 62.0
40.0 44.0 64.0
40.0 44.0 65.0
40.0 44.0 66.0
40.0 44.0 67.0
40.0 44.0 72.0
40.0 44.0 73.0
40.0 45.0 64.0
40.0 45.0 65.0
40.0 45.0 66.0
40.0 45.0 67.0
40.0 45.0 68.0
40.0 45.0 69.0
40.0 45.0 72.0
40.0 45.0 73.0
40.0 45.0 74.0
40.0 45.0 75.0
40.0 46.0 64.0
40.0 46.0 65.0
40.0 46.0 66.0
40.0 46.0 67.0
40.0 46.0 68.0
40.0 46.0 71.0
40.0 46.0 73.0
41.0 46.0 71.0
41.0 46.0 72.0
41.0 46.0 74.0
41.0 46.0 75.0
41.0 46.0 77.0
41.0 47.0 64.0
41.0 47.0 67.0
41.0 47.0 69.0
41.0 47.0 74.0
41.0 48.0 68.0
41.0 48.0 73.0
41.0 48.0 76.0
41.0 48.0 77.0
41.0 49.0 71.0
41.0 49.0 72.0
41.0 49.0 73.0
41.0 49.0 75.0
41.0 49.0 76.0
41.0 49.0 77.0
41.0 49.0 78.0
41.0 49.0 79.0
41.0 49.0 80.0
41.0 50.0 74.0
41.0 50.0 75.0
41.0 50.0 77.0
41.0 50.0 78.0
41.0 50.0 79.0
41.0 50.0 80.0
41.0 51.0 75.0
41.0 51.0 77.0
41.0 51.0 78.0
41.0 51.0 79.0
41.0 51.0 80.0
41.0 51.0 81.0
41.0 51.0 82.0
41.0 52.0 80.0
41.0 52.0 81.0
41.0 52.0 82.0
42.0 50.0 77.0
42.0 50.0 78.0
42.0 50.0 79.0
42.0 50.0 80.0
42.0 51.0 75.0
42.0 51.0 77.0
42.0 51.0 78.0
42.0 51.0 79.0
42.0 51.0 81.0
42.0 52.0 77.0
42.0 52.0 79.0
42.0 52.0 80.0
42.0 52.0 81.0
42.0 52.0 82.0
42.0 52.0 83.0
42.0 53.0 80.0
42.0 53.0 82.0
42.0 53.0 85.0
42.0 54.0 82.0
42.0 54.0 83.0
42.0 54.0 84.0
42.0 54.0 85.0
42.0 54.0 86.0
42.0 55.0 82.0
42.0 55.0 83.0
42.0 55.0 84.0
42.0 55.0 85.0
42.0 55.0 86.0
42.0 55.0 87.0
42.0 56.0 83.0
42.0 56.0 84.0
42.0 56.0 85.0
42.0 56.0 86.0
42.0 56.0 87.0
42.0 56.0 88.0
42.0 57.0 85.0
42.0 57.0 87.0
42.0 57.0 88.0
43.0 56.0 85.0
43.0 56.0 86.0
43.0 56.0 87.0
43.0 57.0 86.0
43.0 57.0 87.0
43.0 57.0 88.0
43.0 57.0 89.0
43.0 58.0 85.0
43.0 58.0 87.0
43.0 58.0 88.0
43.0 58.0 89.0
44.0 45.0 74.0
44.0 46.0 65.0
44.0 46.0 66.0
44.0 46.0 70.0
44.0 46.0 71.0
44.0 46.0 72.0
44.0 46.0 73.0
44.0 46.0 75.0
44.0 47.0 66.0
44.0 47.0 67.0
44.0 47.0 69.0
44.0 47.0 70.0
44.0 47.0 71.0
44.0 47.0 72.0
44.0 47.0 73.0
44.0 47.0 74.0
44.0 47.0 75.0
44.0 47.0 78.0
44.0 48.0 66.0
44.0 48.0 67.0
44.0 48.0 68.0
44.0 48.0 69.0
44.0 48.0 71.0
44.0 48.0 72.0
44.0 48.0 73.0
44.0 48.0 74.0
44.0 48.0 75.0
45.0 48.0 73.0
45.0 48.0 74.0
45.0 48.0 75.0
45.0 48.0 76.0
45.0 49.0 64.0
45.0 49.0 65.0
45.0 49.0 70.0
45.0 49.0 71.0
45.0 49.0 72.0
45.0 49.0 73.0
45.0 49.0 74.0
45.0 49.0 75.0
45.0 49.0 76.0
45.0 50.0 67.0
45.0 50.0 69.0
45.0 50.0 70.0
45.0 50.0 71.0
45.0 50.0 72.0
45.0 50.0 73.0
45.0 50.0 74.0
45.0 50.0 75.0
45.0 50.0 76.0
45.0 50.0 77.0
45.0 51.0 68.0
45.0 51.0 69.0
45.0 51.0 70.0
45.0 51.0 71.0
45.0 51.0 74.0
45.0 51.0 75.0
45.0 51.0 76.0
45.0 51.0 77.0
45.0 51.0 78.0
45.0 52.0 72.0
45.0 52.0 75.0
45.0 52.0 76.0
45.0 52.0 77.0
45.0 52.0 78.0
45.0 52.0 80.0
46.0 54.0 79.0
46.0 55.0 78.0
46.0 56.0 80.0
46.0 56.0 82.0
46.0 57.0 84.0
46.0 58.0 86.0
46.0 59.0 91.0
47.0 48.0 72.0
47.0 48.0 73.0
47.0 48.0 74.0
47.0 49.0 73.0
47.0 49.0 74.0
47.0 49.0 75.0
47.0 50.0 66.0
47.0 50.0 68.0
47.0 50.0 69.0
47.0 50.0 71.0
47.0 50.0 73.0
47.0 50.0 74.0
47.0 50.0 75.0
47.0 50.0 76.0
47.0 50.0 77.0
47.0 51.0 68.0
47.0 51.0 71.0
47.0 51.0 74.0
47.0 51.0 75.0
47.0 51.0 76.0
47.0 51.0 77.0
47.0 52.0 71.0
47.0 52.0 73.0
47.0 52.0 75.0
47.0 52.0 76.0
47.0 52.0 77.0
47.0 52.0 78.0
47.0 52.0 79.0
47.0 53.0 71.0
47.0 53.0 72.0
47.0 53.0 73.0
49.0 53.0 76.0
49.0 53.0 77.0
49.0 53.0 78.0
49.0 53.0 79.0
49.0 54.0 72.0
49.0 54.0 73.0
49.0 54.0 74.0
49.0 54.0 75.0
49.0 54.0 76.0
49.0 54.0 77.0
49.0 54.0 78.0
49.0 54.0 80.0
49.0 55.0 76.0
49.0 55.0 77.0
49.0 55.0 78.0
49.0 56.0 76.0
49.0 56.0 78.0
49.0 56.0 82.0
49.0 58.0 82.0
49.0 58.0 86.0
50.0 51.0 73.0
50.0 51.0 78.0
50.0 53.0 67.0
50.0 53.0 77.0
50.0 53.0 78.0
50.0 53.0 79.0
50.0 54.0 69.0
50.0 54.0 73.0
50.0 54.0 75.0
50.0 54.0 76.0
50.0 54.0 77.0
50.0 54.0 78.0
50.0 54.0 79.0
50.0 55.0 77.0
50.0 55.0 78.0
50.0 55.0 80.0
50.0 56.0 74.0
50.0 56.0 80.0
52.0 66.0 88.0
52.0 66.0 94.0
53.0 56.0 71.0
53.0 56.0 76.0
53.0 56.0 79.0
53.0 57.0 77.0
53.0 57.0 79.0
53.0 58.0 78.0
53.0 58.0 79.0
53.0 58.0 81.0
53.0 59.0 77.0
53.0 59.0 81.0
53.0 59.0 82.0
53.0 60.0 79.0
53.0 60.0 80.0
53.0 60.0 81.0
53.0 60.0 82.0
53.0 60.0 83.0
53.0 60.0 84.0
53.0 60.0 85.0
53.0 61.0 100.0
53.0 61.0 79.0
53.0 61.0 81.0
53.0 61.0 82.0
53.0 61.0 92.0
53.0 61.0 95.0
53.0 62.0 81.0
53.0 62.0 82.0
53.0 62.0 84.0
53.0 62.0 86.0
53.0 62.0 87.0
53.0 62.0 88.0
53.0 62.0 94.0
53.0 63.0 83.0
53.0 63.0 86.0
53.0 63.0 87.0
53.0 63.0 89.0
53.0 63.0 90.0
54.0 67.0 91.0
54.0 67.0 94.0
54.0 67.0 95.0
54.0 67.0 96.0
54.0 68.0 91.0
54.0 68.0 92.0
54.0 68.0 95.0
55.0 53.0 82.0
55.0 58.0 80.0
55.0 58.0 82.0
55.0 60.0 80.0
55.0 60.0 82.0
55.0 60.0 83.0
55.0 60.0 85.0
55.0 60.0 89.0
55.0 60.0 98.0
55.0 60.0 99.0
55.0 61.0 101.0
55.0 61.0 79.0
55.0 61.0 80.0
55.0 61.0 81.0
55.0 61.0 82.0
55.0 61.0 83.0
55.0 61.0 85.0
55.0 61.0 94.0
55.0 62.0 100.0
55.0 62.0 79.0
55.0 62.0 82.0
55.0 62.0 83.0
55.0 62.0 84.0
55.0 62.0 85.0
55.0 62.0 87.0
55.0 63.0 82.0
55.0 63.0 83.0
55.0 63.0 84.0
55.0 63.0 85.0
55.0 63.0 86.0
55.0 63.0 88.0
56.0 62.0 92.0
56.0 62.0 96.0
56.0 62.0 98.0
56.0 63.0 80.0
56.0 63.0 82.0
56.0 63.0 83.0
56.0 63.0 84.0
56.0 63.0 85.0
56.0 63.0 86.0
56.0 63.0 87.0
56.0 63.0 88.0
56.0 63.0 94.0
56.0 63.0 99.0
56.0 64.0 100.0
56.0 64.0 101.0
56.0 64.0 103.0
56.0 64.0 84.0
56.0 64.0 85.0
56.0 64.0 86.0
56.0 64.0 87.0
56.0 64.0 88.0
56.0 64.0 89.0
56.0 64.0 90.0
56.0 64.0 91.0
56.0 64.0 93.0
56.0 64.0 96.0
56.0 65.0 101.0
56.0 65.0 102.0
56.0 65.0 85.0
56.0 65.0 86.0
56.0 65.0 87.0
56.0 65.0 89.0
56.0 65.0 90.0
56.0 65.0 91.0
56.0 65.0 92.0
56.0 65.0 93.0
56.0 65.0 94.0
56.0 65.0 95.0
57.0 65.0 85.0
57.0 65.0 86.0
57.0 65.0 88.0
57.0 65.0 89.0
57.0 65.0 90.0
57.0 65.0 91.0
57.0 65.0 93.0
57.0 65.0 95.0
57.0 65.0 97.0
57.0 65.0 99.0
57.0 66.0 100.0
57.0 66.0 103.0
57.0 66.0 86.0
57.0 66.0 87.0
57.0 66.0 88.0
57.0 66.0 89.0
57.0 66.0 90.0
57.0 66.0 93.0
57.0 66.0 95.0
57.0 66.0 96.0
57.0 66.0 97.0
57.0 66.0 98.0
57.0 66.0 99.0
57.0 67.0 100.0
57.0 67.0 88.0
57.0 67.0 89.0
57.0 67.0 90.0
57.0 67.0 92.0
57.0 67.0 93.0
57.0 67.0 94.0
57.0 67.0 95.0
57.0 67.0 96.0
57.0 67.0 98.0
57.0 67.0 99.0
57.0 68.0 100.0
57.0 68.0 101.0
57.0 68.0 102.0
57.0 68.0 104.0
58.0 67.0 90.0
58.0 67.0 91.0
58.0 67.0 92.0
58.0 67.0 95.0
58.0 67.0 96.0
58.0 67.0 97.0
58.0 67.0 98.0
58.0 67.0 99.0
58.0 68.0 100.0
58.0 68.0 101.0
58.0 68.0 102.0
58.0 68.0 103.0
58.0 68.0 104.0
58.0 68.0 87.0
58.0 68.0 89.0
58.0 68.0 90.0
58.0 68.0 91.0
58.0 68.0 92.0
58.0 68.0 93.0
58.0 68.0 95.0
58.0 68.0 98.0
58.0 68.0 99.0
58.0 69.0 100.0
58.0 69.0 101.0
58.0 69.0 103.0
58.0 69.0 106.0
58.0 69.0 88.0
58.0 69.0 90.0
58.0 69.0 91.0
58.0 69.0 92.0
58.0 69.0 93.0
58.0 69.0 94.0
58.0 69.0 95.0
58.0 69.0 96.0
58.0 69.0 97.0
58.0 69.0 98.0
58.0 69.0 99.0
58.0 70.0 100.0
59.0 68.0 95.0
59.0 68.0 96.0
59.0 68.0 97.0
59.0 68.0 98.0
59.0 68.0 99.0
59.0 69.0 100.0
59.0 69.0 101.0
59.0 69.0 102.0
59.0 69.0 103.0
59.0 69.0 104.0
59.0 69.0 105.0
59.0 69.0 89.0
59.0 69.0 90.0
59.0 69.0 91.0
59.0 69.0 92.0
59.0 69.0 93.0
59.0 69.0 94.0
59.0 69.0 95.0
59.0 69.0 97.0
59.0 69.0 98.0
59.0 69.0 99.0
59.0 70.0 102.0
59.0 70.0 103.0
59.0 70.0 105.0
59.0 70.0 106.0
59.0 70.0 89.0
59.0 70.0 91.0
59.0 70.0 92.0
59.0 70.0 93.0
59.0 70.0 94.0
59.0 70.0 95.0
59.0 70.0 96.0
59.0 70.0 98.0
59.0 70.0 99.0
59.0 71.0 100.0
59.0 71.0 101.0
59.0 71.0 103.0
59.0 71.0 104.0
60.0 70.0 99.0
60.0 71.0 100.0
60.0 71.0 101.0
60.0 71.0 102.0
60.0 71.0 103.0
60.0 71.0 104.0
60.0 71.0 105.0
60.0 71.0 106.0
60.0 71.0 91.0
60.0 71.0 92.0
60.0 71.0 93.0
60.0 71.0 94.0
60.0 71.0 95.0
60.0 71.0 96.0
60.0 71.0 99.0
60.0 72.0 100.0
60.0 72.0 101.0
60.0 72.0 102.0
60.0 72.0 103.0
60.0 72.0 104.0
60.0 72.0 105.0
60.0 72.0 106.0
60.0 72.0 92.0
60.0 72.0 93.0
60.0 72.0 94.0
60.0 72.0 95.0
60.0 72.0 96.0
60.0 72.0 97.0
60.0 72.0 98.0
60.0 73.0 100.0
60.0 73.0 101.0
60.0 73.0 102.0
60.0 73.0 103.0
60.0 73.0 104.0
60.0 73.0 105.0
60.0 73.0 106.0
60.0 73.0 107.0
60.0 73.0 108.0
61.0 74.0 104.0
61.0 74.0 105.0
61.0 74.0 106.0
61.0 74.0 92.0
61.0 74.0 94.0
61.0 74.0 96.0
61.0 74.0 97.0
61.0 74.0 98.0
61.0 74.0 99.0
61.0 75.0 104.0
61.0 75.0 105.0
61.0 75.0 106.0
61.0 75.0 94.0
61.0 75.0 97.0
61.0 76.0 108.0
62.0 69.0 91.0
62.0 69.0 92.0
62.0 69.0 96.0
62.0 70.0 100.0
62.0 70.0 101.0
62.0 70.0 102.0
62.0 70.0 93.0
62.0 70.0 94.0
62.0 71.0 102.0
62.0 71.0 103.0
62.0 71.0 104.0
62.0 71.0 105.0
62.0 71.0 106.0
62.0 71.0 94.0
62.0 71.0 96.0
62.0 71.0 98.0
62.0 72.0 102.0
62.0 72.0 103.0
62.0 72.0 104.0
62.0 72.0 105.0
62.0 72.0 106.0
62.0 72.0 107.0
62.0 72.0 91.0
64.0 76.0 100.0
64.0 76.0 102.0
64.0 76.0 96.0
64.0 76.0 97.0
64.0 76.0 98.0
64.0 76.0 99.0
64.0 77.0 108.0
64.0 77.0 98.0
65.0 66.0 87.0
65.0 72.0 102.0
65.0 72.0 103.0
65.0 73.0 101.0
65.0 73.0 102.0
65.0 73.0 93.0
65.0 74.0 101.0
65.0 74.0 102.0
65.0 75.0 100.0
65.0 75.0 102.0
65.0 75.0 103.0
65.0 75.0 104.0
65.0 75.0 95.0
65.0 76.0 97.0
65.0 76.0 99.0
65.0 77.0 102.0
65.0 77.0 98.0
65.0 79.0 101.0
65.0 79.0 102.0
66.0 71.0 98.0
66.0 72.0 96.0
66.0 74.0 100.0
66.0 74.0 101.0
66.0 74.0 102.0
66.0 74.0 103.0
66.0 74.0 104.0
66.0 74.0 97.0
66.0 74.0 98.0
66.0 74.0 99.0
66.0 75.0 100.0
69.0 76.0 95.0
69.0 77.0 101.0
69.0 77.0 102.0
69.0 77.0 103.0
69.0 77.0 105.0
69.0 77.0 107.0
69.0 78.0 100.0
69.0 78.0 101.0
69.0 78.0 102.0
69.0 78.0 99.0
69.0 79.0 102.0
69.0 79.0 103.0
69.0 80.0 103.0
69.0 80.0 104.0
69.0 82.0 105.0
69.0 82.0 107.0
70.0 76.0 102.0
70.0 76.0 104.0
70.0 76.0 106.0
70.0 77.0 100.0
70.0 77.0 101.0
70.0 77.0 104.0
70.0 78.0 101.0
70.0 78.0 104.0
70.0 78.0 110.0
70.0 78.0 99.0
70.0 79.0 105.0
70.0 79.0 107.0
70.0 79.0 110.0
70.0 81.0 104.0
70.0 82.0 107.0
70.0 84.0 108.0
71.0 75.0 102.0
71.0 76.0 102.0
71.0 76.0 104.0
71.0 77.0 101.0
71.0 77.0 106.0
71.0 78.0 102.0
73.0 80.0 105.0
73.0 81.0 100.0
73.0 81.0 98.0
74.0 81.0 100.0
74.0 81.0 102.0
35.0 51.0 80.0
36.0 49.0 79.0
36.0 49.0 80.0
36.0 50.0 79.0
36.0 50.0 80.0
36.0 50.0 81.0
36.0 51.0 80.0
36.0 51.0 81.0
37.0 49.0 80.0
37.0 51.0 80.0
37.0 52.0 81.0
37.0 52.0 83.0
37.0 53.0 81.0
37.0 53.0 84.0
38.0 51.0 83.0
38.0 51.0 84.0
38.0 53.0 81.0
38.0 54.0 82.0
38.0 54.0 84.0
38.0 55.0 85.0
39.0 51.0 84.0
39.0 55.0 83.0
39.0 56.0 87.0
40.0 42.0 80.0
40.0 50.0 81.0
40.0 51.0 82.0
40.0 51.0 83.0
40.0 51.0 87.0
40.0 52.0 80.0
40.0 52.0 84.0
40.0 52.0 85.0
40.0 53.0 80.0
40.0 53.0 86.0
40.0 54.0 80.0
40.0 54.0 81.0
40.0 54.0 82.0
40.0 56.0 86.0
40.0 57.0 85.0
41.0 50.0 81.0
41.0 51.0 83.0
41.0 51.0 85.0
41.0 52.0 79.0
41.0 52.0 84.0
41.0 52.0 85.0
41.0 52.0 86.0
41.0 53.0 79.0
41.0 53.0 80.0
41.0 54.0 80.0
41.0 54.0 81.0
41.0 55.0 82.0
41.0 55.0 83.0
41.0 56.0 82.0
41.0 56.0 83.0
41.0 56.0 85.0
41.0 57.0 85.0
41.0 57.0 86.0
42.0 50.0 81.0
42.0 51.0 80.0
42.0 51.0 82.0
42.0 51.0 84.0
42.0 52.0 84.0
42.0 52.0 86.0
42.0 53.0 79.0
42.0 53.0 81.0
42.0 53.0 83.0
42.0 53.0 84.0
42.0 53.0 86.0
42.0 54.0 80.0
42.0 54.0 81.0
42.0 54.0 88.0
42.0 55.0 81.0
42.0 56.0 82.0
42.0 56.0 89.0
42.0 57.0 84.0
42.0 57.0 86.0
42.0 58.0 88.0
42.0 59.0 88.0
43.0 51.0 81.0
43.0 51.0 83.0
43.0 52.0 80.0
43.0 52.0 82.0
43.0 52.0 84.0
43.0 53.0 79.0
43.0 53.0 84.0
43.0 53.0 85.0
43.0 54.0 81.0
43.0 54.0 82.0
43.0 54.0 85.0
43.0 54.0 86.0
43.0 54.0 87.0
43.0 55.0 81.0
43.0 55.0 83.0
43.0 55.0 87.0
43.0 55.0 91.0
43.0 56.0 82.0
43.0 56.0 83.0
43.0 56.0 88.0
43.0 56.0 89.0
43.0 56.0 91.0
43.0 57.0 83.0
43.0 57.0 84.0
43.0 57.0 85.0
43.0 58.0 84.0
43.0 58.0 86.0
43.0 59.0 87.0
44.0 52.0 79.0
44.0 52.0 80.0
44.0 53.0 79.0
44.0 53.0 80.0
44.0 53.0 81.0
44.0 53.0 82.0
44.0 53.0 83.0
44.0 53.0 84.0
44.0 54.0 80.0
44.0 54.0 82.0
44.0 54.0 84.0
44.0 54.0 85.0
44.0 54.0 86.0
44.0 55.0 81.0
44.0 55.0 84.0
44.0 55.0 85.0
44.0 56.0 87.0
44.0 56.0 88.0
44.0 56.0 90.0
44.0 57.0 82.0
44.0 57.0 83.0
44.0 57.0 84.0
44.0 57.0 90.0
44.0 58.0 82.0
44.0 58.0 84.0
44.0 58.0 85.0
44.0 58.0 86.0
44.0 58.0 87.0
44.0 58.0 90.0
44.0 59.0 84.0
44.0 59.0 86.0
44.0 59.0 88.0
44.0 59.0 91.0
45.0 53.0 80.0
45.0 54.0 81.0
45.0 54.0 82.0
45.0 54.0 85.0
45.0 55.0 82.0
45.0 55.0 83.0
45.0 55.0 86.0
45.0 55.0 87.0
45.0 56.0 84.0
45.0 56.0 87.0
45.0 56.0 88.0
45.0 57.0 84.0
45.0 57.0 88.0
45.0 58.0 82.0
45.0 58.0 84.0
45.0 58.0 85.0
45.0 58.0 86.0
45.0 58.0 87.0
45.0 58.0 88.0
45.0 58.0 90.0
45.0 59.0 86.0
45.0 59.0 87.0
45.0 59.0 88.0
45.0 59.0 90.0
45.0 60.0 86.0
45.0 60.0 88.0
45.0 60.0 89.0
46.0 53.0 85.0
46.0 54.0 81.0
46.0 54.0 82.0
46.0 54.0 83.0
46.0 54.0 85.0
46.0 55.0 81.0
46.0 55.0 82.0
46.0 55.0 85.0
46.0 55.0 86.0
46.0 56.0 82.0
46.0 56.0 83.0
46.0 56.0 84.0
46.0 56.0 85.0
46.0 56.0 86.0
46.0 56.0 89.0
46.0 57.0 82.0
46.0 57.0 83.0
46.0 57.0 85.0
46.0 57.0 86.0
46.0 57.0 87.0
46.0 58.0 84.0
46.0 58.0 85.0
46.0 58.0 87.0
46.0 58.0 88.0
46.0 58.0 89.0
46.0 59.0 84.0
46.0 59.0 86.0
46.0 59.0 87.0
46.0 59.0 89.0
46.0 60.0 88.0
46.0 60.0 89.0
46.0 60.0 90.0
46.0 60.0 91.0
46.0 61.0 88.0
46.0 61.0 89.0
47.0 55.0 82.0
47.0 56.0 82.0
47.0 56.0 83.0
47.0 56.0 87.0
47.0 57.0 84.0
47.0 57.0 85.0
47.0 57.0 86.0
47.0 58.0 84.0
47.0 58.0 86.0
47.0 58.0 87.0
47.0 58.0 88.0
47.0 58.0 90.0
47.0 59.0 86.0
47.0 59.0 88.0
47.0 59.0 90.0
47.0 60.0 86.0
47.0 60.0 87.0
47.0 60.0 88.0
47.0 60.0 89.0
47.0 60.0 90.0
47.0 61.0 88.0
47.0 61.0 91.0
48.0 56.0 83.0
48.0 57.0 83.0
48.0 57.0 85.0
48.0 57.0 87.0
48.0 58.0 84.0
48.0 58.0 85.0
48.0 58.0 86.0
48.0 58.0 87.0
48.0 58.0 88.0
48.0 58.0 89.0
48.0 59.0 85.0
48.0 59.0 86.0
48.0 59.0 87.0
48.0 59.0 88.0
48.0 60.0 87.0
48.0 60.0 88.0
48.0 60.0 89.0
48.0 61.0 87.0
48.0 61.0 88.0
48.0 62.0 89.0
48.0 62.0 91.0
48.0 63.0 91.0
49.0 57.0 85.0
49.0 59.0 91.0
49.0 60.0 86.0
49.0 60.0 87.0
49.0 60.0 88.0
49.0 60.0 90.0
49.0 61.0 87.0
49.0 61.0 88.0
49.0 61.0 89.0
49.0 61.0 90.0
49.0 62.0 88.0
49.0 62.0 89.0
49.0 62.0 90.0
49.0 63.0 90.0
50.0 59.0 88.0
50.0 60.0 88.0
50.0 61.0 87.0
50.0 61.0 89.0
50.0 61.0 91.0
50.0 62.0 88.0
50.0 62.0 89.0
50.0 62.0 91.0
50.0 63.0 91.0
51.0 62.0 89.0
51.0 62.0 91.0
51.0 63.0 90.0
51.0 63.0 91.0
52.0 56.0 84.0
52.0 60.0 89.0
52.0 61.0 89.0
52.0 61.0 90.0
52.0 62.0 90.0
52.0 63.0 90.0
52.0 63.0 91.0
57.0 59.0 85.0
254.0 255.0 255.0
254.0 255.0 255.0
255.0 255.0 255.0
255.0 253.0 253.0
156.0 239.0 254.0
156.0 241.0 255.0
156.0 245.0 254.0
157.0 229.0 249.0
157.0 234.0 254.0
157.0 235.0 242.0
157.0 238.0 247.0
157.0 250.0 255.0
158.0 223.0 241.0
158.0 227.0 250.0
158.0 234.0 247.0
158.0 237.0 248.0
158.0 238.0 251.0
158.0 242.0 253.0
158.0 251.0 255.0
159.0 229.0 243.0
159.0 234.0 254.0
159.0 235.0 255.0
159.0 237.0 247.0
159.0 238.0 243.0
159.0 238.0 255.0
159.0 243.0 252.0
159.0 244.0 253.0
159.0 244.0 255.0
159.0 245.0 253.0
159.0 245.0 254.0
159.0 252.0 254.0
160.0 235.0 254.0
160.0 240.0 255.0
160.0 243.0 253.0
160.0 244.0 255.0
160.0 245.0 254.0
160.0 245.0 255.0
160.0 247.0 254.0
160.0 248.0 253.0
160.0 249.0 251.0
160.0 250.0 255.0
160.0 251.0 254.0
170.0 225.0 249.0
170.0 233.0 250.0
170.0 240.0 252.0
170.0 242.0 253.0
170.0 243.0 254.0
170.0 243.0 255.0
170.0 244.0 251.0
170.0 244.0 253.0
170.0 244.0 255.0
170.0 245.0 254.0
170.0 246.0 255.0
170.0 247.0 255.0
170.0 248.0 252.0
170.0 248.0 254.0
170.0 249.0 255.0
170.0 250.0 254.0
170.0 251.0 251.0
170.0 251.0 254.0
170.0 251.0 255.0
170.0 252.0 254.0
170.0 253.0 254.0
171.0 234.0 243.0
171.0 234.0 252.0
171.0 237.0 252.0
171.0 239.0 248.0
171.0 240.0 255.0
171.0 242.0 251.0
171.0 242.0 254.0
171.0 243.0 254.0
171.0 245.0 255.0
171.0 246.0 250.0
171.0 246.0 255.0
171.0 247.0 251.0
171.0 247.0 254.0
171.0 247.0 255.0
171.0 248.0 254.0
171.0 248.0 255.0
171.0 249.0 253.0
180.0 251.0 254.0
180.0 252.0 254.0
180.0 253.0 254.0
180.0 253.0 255.0
180.0 254.0 254.0
180.0 254.0 255.0
180.0 255.0 255.0
181.0 237.0 254.0
181.0 241.0 253.0
181.0 244.0 251.0
181.0 245.0 255.0
181.0 247.0 252.0
181.0 247.0 254.0
181.0 250.0 252.0
181.0 251.0 254.0
181.0 252.0 254.0
181.0 252.0 255.0
181.0 253.0 254.0
181.0 253.0 255.0
181.0 254.0 254.0
181.0 254.0 255.0
181.0 255.0 255.0
182.0 235.0 250.0
182.0 237.0 253.0
182.0 239.0 249.0
182.0 240.0 253.0
182.0 243.0 251.0
182.0 245.0 253.0
182.0 246.0 249.0
182.0 248.0 253.0
182.0 248.0 254.0
182.0 251.0 253.0
182.0 252.0 254.0
182.0 252.0 255.0
182.0 253.0 254.0
182.0 253.0 255.0
182.0 254.0 254.0
182.0 254.0 255.0
193.0 255.0 255.0
194.0 251.0 253.0
194.0 251.0 255.0
194.0 253.0 254.0
194.0 254.0 254.0
194.0 254.0 255.0
194.0 255.0 255.0
195.0 241.0 254.0
195.0 246.0 250.0
195.0 248.0 254.0
195.0 249.0 254.0
195.0 251.0 253.0
195.0 252.0 254.0
195.0 253.0 254.0
195.0 253.0 255.0
195.0 254.0 254.0
195.0 254.0 255.0
195.0 255.0 255.0
196.0 229.0 252.0
196.0 241.0 254.0
196.0 248.0 253.0
196.0 249.0 254.0
196.0 252.0 254.0
196.0 252.0 255.0
196.0 253.0 254.0
196.0 254.0 254.0
196.0 254.0 255.0
196.0 255.0 255.0
197.0 246.0 250.0
197.0 252.0 253.0
197.0 252.0 254.0
197.0 253.0 254.0
197.0 254.0 254.0
197.0 254.0 255.0
198.0 242.0 246.0
198.0 242.0 250.0
198.0 244.0 255.0
198.0 247.0 249.0
217.0 246.0 250.0
217.0 247.0 251.0
217.0 250.0 253.0
217.0 251.0 253.0
217.0 252.0 253.0
217.0 253.0 254.0
217.0 254.0 254.0
217.0 254.0 255.0
217.0 255.0 255.0
218.0 241.0 250.0
218.0 243.0 253.0
218.0 251.0 254.0
218.0 254.0 254.0
218.0 254.0 255.0
218.0 255.0 255.0
219.0 240.0 245.0
219.0 245.0 251.0
219.0 248.0 254.0
219.0 251.0 252.0
219.0 252.0 255.0
219.0 254.0 254.0
219.0 254.0 254.0
219.0 254.0 255.0
219.0 255.0 255.0
219.0 255.0 255.0
220.0 248.0 249.0
220.0 254.0 254.0
220.0 255.0 255.0
221.0 242.0 251.0
221.0 248.0 252.0
221.0 249.0 254.0
221.0 252.0 254.0
221.0 253.0 255.0
221.0 254.0 254.0
221.0 255.0 255.0
222.0 253.0 254.0
222.0 254.0 254.0
222.0 254.0 255.0
243.0 254.0 255.0
243.0 255.0 255.0
243.0 255.0 255.0
244.0 253.0 254.0
244.0 254.0 254.0
244.0 254.0 255.0
244.0 255.0 255.0
245.0 254.0 254.0
245.0 255.0 255.0
245.0 255.0 255.0
246.0 250.0 255.0
246.0 251.0 253.0
246.0 254.0 254.0
246.0 254.0 255.0
246.0 255.0 255.0
247.0 253.0 254.0
136.0 218.0 252.0
136.0 219.0 244.0
136.0 219.0 254.0
164.0 247.0 255.0
164.0 249.0 255.0
164.0 250.0 254.0
164.0 251.0 255.0
184.0 245.0 253.0
184.0 246.0 254.0
184.0 247.0 249.0
184.0 248.0 251.0
208.0 250.0 252.0
208.0 250.0 254.0
208.0 251.0 253.0
215.0 254.0 254.0
215.0 254.0 255.0
215.0 255.0 255.0
239.0 247.0 254.0
239.0 254.0 254.0
239.0 254.0 255.0
239.0 255.0 255.0
251.0 254.0 254.0
251.0 254.0 254.0
251.0 254.0 255.0
251.0 255.0 255.0
254.0 255.0 255.0
255.0 255.0 255.0
255.0 253.0 253.0
171.0 251.0 255.0
171.0 252.0 253.0
171.0 253.0 254.0
171.0 253.0 255.0
171.0 254.0 255.0
172.0 238.0 252.0
172.0 239.0 253.0
172.0 245.0 252.0
152.0 236.0 249.0
152.0 237.0 254.0
160.0 245.0 254.0
160.0 245.0 255.0
169.0 254.0 254.0
169.0 254.0 255.0
170.0 225.0 249.0
235.0 254.0 254.0
235.0 255.0 255.0
236.0 251.0 254.0
236.0 254.0 254.0
236.0 254.0 255.0
236.0 255.0 255.0
237.0 243.0 253.0
251.0 254.0 255.0
152.0 234.0 245.0
152.0 236.0 249.0
152.0 237.0 254.0
160.0 245.0 254.0
160.0 245.0 255.0
169.0 254.0 254.0
169.0 254.0 255.0
170.0 225.0 249.0
176.0 254.0 254.0
176.0 254.0 255.0
176.0 255.0 251.0
176.0 255.0 255.0
195.0 254.0 255.0
195.0 255.0 255.0
209.0 254.0 254.0
209.0 254.0 255.0
209.0 255.0 255.0
227.0 253.0 254.0
227.0 254.0 254.0
227.0 254.0 255.0
240.0 254.0 254.0
240.0 254.0 255.0
240.0 255.0 255.0
247.0 253.0 254.0
247.0 254.0 254.0
251.0 254.0 254.0
163.0 244.0 254.0
163.0 247.0 251.0
163.0 248.0 252.0
163.0 248.0 253.0
163.0 248.0 255.0
164.0 223.0 242.0
164.0 230.0 247.0
164.0 233.0 246.0
164.0 233.0 250.0
164.0 233.0 252.0
164.0 239.0 253.0
164.0 239.0 254.0
164.0 241.0 254.0
164.0 242.0 254.0
164.0 243.0 249.0
160.0 251.0 255.0
160.0 253.0 255.0
161.0 234.0 255.0
30.0 35.0 63.0
30.0 35.0 64.0
30.0 35.0 69.0
30.0 36.0 61.0
30.0 36.0 62.0
30.0 36.0 63.0
30.0 36.0 64.0
30.0 36.0 65.0
30.0 36.0 66.0
30.0 37.0 63.0
30.0 37.0 64.0
30.0 37.0 65.0
30.0 37.0 66.0
30.0 37.0 67.0
30.0 38.0 63.0
30.0 38.0 64.0
31.0 41.0 68.0
31.0 41.0 69.0
31.0 41.0 70.0
31.0 42.0 67.0
31.0 42.0 68.0
31.0 42.0 69.0
31.0 42.0 70.0
31.0 42.0 72.0
31.0 42.0 75.0
31.0 42.0 77.0
31.0 43.0 69.0
31.0 43.0 70.0
31.0 43.0 71.0
31.0 44.0 71.0
31.0 44.0 76.0
31.0 44.0 81.0
31.0 45.0 70.0
31.0 46.0 73.0
31.0 46.0 77.0
31.0 46.0 78.0
31.0 46.0 80.0
31.0 46.0 84.0
31.0 47.0 70.0
31.0 49.0 76.0
32.0 34.0 67.0
32.0 36.0 63.0
32.0 36.0 64.0
32.0 36.0 65.0
32.0 37.0 61.0
32.0 37.0 62.0
32.0 37.0 63.0
32.0 37.0 64.0
32.0 37.0 65.0
32.0 38.0 62.0
32.0 38.0 63.0
32.0 38.0 64.0
32.0 38.0 65.0
32.0 38.0 66.0
33.0 44.0 82.0
33.0 45.0 71.0
33.0 45.0 72.0
33.0 45.0 73.0
33.0 45.0 74.0
33.0 45.0 75.0
33.0 45.0 76.0
33.0 46.0 69.0
33.0 46.0 72.0
33.0 46.0 73.0
33.0 46.0 74.0
33.0 46.0 75.0
33.0 47.0 69.0
33.0 47.0 75.0
33.0 47.0 77.0
33.0 49.0 78.0
33.0 50.0 74.0
33.0 50.0 80.0
33.0 51.0 90.0
33.0 52.0 82.0
34.0 35.0 63.0
34.0 36.0 38.0
34.0 39.0 61.0
34.0 40.0 67.0
34.0 41.0 62.0
34.0 41.0 66.0
34.0 41.0 67.0
34.0 41.0 68.0
34.0 41.0 69.0
34.0 42.0 66.0
34.0 42.0 68.0
34.0 42.0 69.0
34.0 42.0 71.0
34.0 42.0 72.0
34.0 43.0 68.0
34.0 43.0 69.0
34.0 43.0 70.0
34.0 43.0 71.0
35.0 44.0 74.0
35.0 45.0 35.0
35.0 45.0 69.0
35.0 45.0 70.0
35.0 45.0 71.0
35.0 45.0 72.0
35.0 45.0 73.0
35.0 45.0 74.0
35.0 45.0 75.0
35.0 46.0 72.0
35.0 46.0 73.0
35.0 46.0 74.0
35.0 46.0 75.0
13.0 22.0 48.0
13.0 23.0 48.0
13.0 23.0 49.0
13.0 24.0 51.0
13.0 24.0 57.0
13.0 24.0 60.0
13.0 25.0 58.0
13.0 25.0 59.0
13.0 25.0 63.0
13.0 26.0 59.0
13.0 26.0 60.0
13.0 26.0 62.0
13.0 27.0 59.0
13.0 27.0 62.0
13.0 27.0 65.0
13.0 28.0 59.0
13.0 28.0 60.0
13.0 28.0 65.0
13.0 29.0 60.0
13.0 29.0 61.0
13.0 30.0 69.0
13.0 31.0 64.0
14.0 22.0 47.0
14.0 22.0 48.0
14.0 22.0 49.0
14.0 23.0 47.0
14.0 23.0 48.0
14.0 23.0 49.0
14.0 23.0 50.0
14.0 24.0 49.0
14.0 24.0 50.0
14.0 24.0 51.0
14.0 24.0 52.0
14.0 25.0 54.0
14.0 25.0 56.0
14.0 25.0 58.0
14.0 25.0 59.0
14.0 25.0 60.0
15.0 25.0 60.0
15.0 26.0 51.0
15.0 26.0 55.0
15.0 26.0 56.0
15.0 26.0 57.0
15.0 26.0 58.0
15.0 26.0 59.0
15.0 26.0 60.0
15.0 26.0 61.0
15.0 26.0 62.0
15.0 26.0 63.0
15.0 27.0 55.0
15.0 27.0 56.0
15.0 27.0 57.0
15.0 27.0 58.0
15.0 27.0 59.0
15.0 27.0 60.0
15.0 27.0 61.0
15.0 27.0 62.0
15.0 27.0 63.0
15.0 27.0 64.0
15.0 27.0 65.0
15.0 28.0 56.0
15.0 28.0 58.0
15.0 28.0 59.0
15.0 28.0 60.0
15.0 28.0 61.0
15.0 28.0 62.0
15.0 28.0 64.0
15.0 28.0 67.0
15.0 29.0 57.0
15.0 29.0 58.0
16.0 24.0 52.0
16.0 25.0 51.0
16.0 25.0 52.0
16.0 25.0 53.0
16.0 25.0 54.0
17.0 27.0 63.0
17.0 27.0 64.0
17.0 28.0 52.0
18.0 28.0 56.0
18.0 28.0 57.0
18.0 28.0 58.0
19.0 33.0 66.0
19.0 33.0 67.0
19.0 33.0 68.0
19.0 33.0 69.0
21.0 34.0 65.0
21.0 34.0 68.0
21.0 34.0 69.0
22.0 41.0 79.0
22.0 41.0 82.0
22.0 42.0 77.0
25.0 40.0 75.0
25.0 40.0 76.0
25.0 41.0 77.0
25.0 44.0 81.0
25.0 44.0 84.0
25.0 45.0 78.0
25.0 45.0 80.0
25.0 45.0 81.0
18.0 30.0 64.0
18.0 30.0 65.0
18.0 30.0 67.0
18.0 31.0 60.0
16.0 26.0 57.0
16.0 26.0 59.0
16.0 26.0 60.0
16.0 26.0 61.0
16.0 26.0 62.0
15.0 29.0 59.0
15.0 29.0 60.0
15.0 29.0 61.0
15.0 29.0 62.0
15.0 29.0 63.0
15.0 29.0 67.0
16.0 28.0 60.0
16.0 28.0 61.0
16.0 28.0 62.0
16.0 28.0 63.0
16.0 28.0 64.0
16.0 29.0 55.0
16.0 29.0 56.0
16.0 29.0 57.0
16.0 29.0 58.0
16.0 29.0 59.0
16.0 29.0 60.0
16.0 29.0 61.0
16.0 29.0 62.0
16.0 29.0 63.0
16.0 29.0 64.0
16.0 29.0 66.0
16.0 29.0 67.0
16.0 30.0 57.0
16.0 30.0 58.0
16.0 30.0 59.0
16.0 30.0 60.0
16.0 30.0 61.0
16.0 30.0 62.0
16.0 30.0 63.0
16.0 30.0 65.0
16.0 30.0 66.0
16.0 30.0 67.0
16.0 30.0 68.0
16.0 30.0 69.0
16.0 31.0 58.0
16.0 31.0 59.0
16.0 31.0 61.0
16.0 31.0 62.0
16.0 31.0 63.0
16.0 31.0 65.0
16.0 31.0 67.0
16.0 31.0 68.0
16.0 32.0 62.0
17.0 29.0 59.0
17.0 29.0 60.0
17.0 29.0 61.0
17.0 29.0 62.0
17.0 29.0 63.0
17.0 29.0 64.0
17.0 29.0 66.0
17.0 30.0 58.0
17.0 30.0 59.0
17.0 30.0 60.0
17.0 30.0 61.0
17.0 30.0 63.0
17.0 30.0 64.0
17.0 30.0 69.0
17.0 31.0 61.0
17.0 31.0 62.0
17.0 31.0 63.0
17.0 31.0 64.0
17.0 31.0 66.0
17.0 31.0 67.0
17.0 31.0 68.0
17.0 31.0 70.0
17.0 32.0 62.0
17.0 32.0 63.0
17.0 32.0 64.0
17.0 32.0 65.0
17.0 32.0 67.0
17.0 32.0 68.0
17.0 32.0 69.0
17.0 33.0 62.0
17.0 33.0 63.0
17.0 33.0 64.0
17.0 33.0 65.0
17.0 33.0 67.0
17.0 33.0 71.0
17.0 33.0 72.0
17.0 34.0 62.0
17.0 34.0 63.0
18.0 31.0 65.0
18.0 31.0 66.0
18.0 31.0 67.0
18.0 32.0 63.0
18.0 32.0 65.0
18.0 32.0 66.0
18.0 32.0 67.0
18.0 32.0 71.0
18.0 33.0 62.0
18.0 33.0 63.0
18.0 33.0 64.0
18.0 33.0 65.0
18.0 33.0 66.0
18.0 33.0 67.0
18.0 33.0 68.0
18.0 33.0 70.0
18.0 33.0 75.0
18.0 34.0 63.0
18.0 34.0 64.0
18.0 34.0 66.0
18.0 34.0 67.0
18.0 34.0 72.0
18.0 35.0 62.0
18.0 35.0 63.0
18.0 35.0 64.0
18.0 35.0 65.0
18.0 35.0 66.0
18.0 35.0 68.0
18.0 35.0 72.0
18.0 35.0 73.0
18.0 36.0 69.0
18.0 36.0 70.0
18.0 36.0 71.0
18.0 36.0 72.0
18.0 36.0 73.0
18.0 36.0 74.0
18.0 36.0 75.0
18.0 37.0 66.0
19.0 34.0 63.0
19.0 34.0 64.0
19.0 34.0 65.0
19.0 34.0 66.0
19.0 34.0 67.0
19.0 34.0 68.0
19.0 34.0 69.0
19.0 34.0 72.0
19.0 35.0 63.0
19.0 35.0 64.0
19.0 35.0 65.0
19.0 35.0 71.0
19.0 35.0 72.0
19.0 35.0 73.0
19.0 35.0 74.0
19.0 35.0 75.0
19.0 36.0 64.0
19.0 36.0 65.0
19.0 36.0 66.0
19.0 36.0 67.0
19.0 36.0 72.0
19.0 36.0 73.0
19.0 36.0 74.0
19.0 36.0 75.0
19.0 36.0 76.0
19.0 37.0 65.0
19.0 37.0 70.0
19.0 37.0 73.0
19.0 37.0 75.0
19.0 37.0 76.0
19.0 38.0 74.0
19.0 38.0 75.0
19.0 38.0 78.0
19.0 38.0 79.0
19.0 38.0 80.0
19.0 39.0 68.0
19.0 39.0 73.0
19.0 39.0 76.0
20.0 36.0 65.0
20.0 36.0 66.0
20.0 36.0 67.0
20.0 36.0 71.0
20.0 36.0 73.0
20.0 36.0 75.0
20.0 36.0 80.0
20.0 37.0 66.0
20.0 37.0 70.0
20.0 37.0 73.0
20.0 37.0 74.0
20.0 38.0 66.0
20.0 38.0 70.0
20.0 38.0 73.0
20.0 38.0 74.0
20.0 38.0 76.0
20.0 38.0 77.0
20.0 39.0 69.0
20.0 39.0 74.0
20.0 39.0 76.0
20.0 39.0 78.0
20.0 39.0 80.0
20.0 40.0 76.0
20.0 40.0 77.0
20.0 40.0 78.0
20.0 40.0 79.0
20.0 40.0 81.0
20.0 41.0 75.0
20.0 41.0 76.0
20.0 41.0 77.0
20.0 41.0 78.0
20.0 41.0 79.0
20.0 41.0 80.0
20.0 41.0 81.0
20.0 42.0 75.0
20.0 42.0 77.0
20.0 42.0 78.0
20.0 42.0 79.0
21.0 39.0 75.0
21.0 39.0 77.0
21.0 40.0 75.0
21.0 40.0 76.0
21.0 40.0 79.0
21.0 40.0 84.0
21.0 41.0 77.0
21.0 41.0 78.0
21.0 41.0 79.0
21.0 41.0 84.0
21.0 42.0 78.0
21.0 42.0 79.0
21.0 42.0 80.0
21.0 42.0 82.0
21.0 43.0 77.0
21.0 43.0 78.0
21.0 43.0 79.0
21.0 43.0 80.0
21.0 43.0 81.0
21.0 43.0 82.0
21.0 43.0 83.0
21.0 44.0 78.0
21.0 44.0 80.0
21.0 44.0 81.0
21.0 44.0 82.0
21.0 44.0 83.0
21.0 44.0 84.0
21.0 45.0 79.0
21.0 45.0 80.0
21.0 45.0 81.0
21.0 45.0 82.0
21.0 45.0 83.0
21.0 45.0 84.0
21.0 45.0 85.0
21.0 45.0 86.0
21.0 46.0 77.0
21.0 46.0 81.0
21.0 46.0 82.0
22.0 43.0 80.0
22.0 43.0 81.0
22.0 43.0 82.0
22.0 43.0 83.0
22.0 44.0 79.0
22.0 44.0 80.0
22.0 44.0 81.0
22.0 44.0 82.0
22.0 44.0 83.0
22.0 44.0 84.0
22.0 45.0 80.0
22.0 45.0 81.0
22.0 45.0 82.0
22.0 45.0 83.0
22.0 45.0 84.0
22.0 45.0 85.0
22.0 46.0 80.0
22.0 46.0 81.0
22.0 46.0 82.0
22.0 46.0 83.0
22.0 46.0 84.0
22.0 46.0 85.0
22.0 46.0 86.0
22.0 47.0 82.0
22.0 47.0 83.0
22.0 47.0 84.0
22.0 47.0 85.0
22.0 47.0 86.0
22.0 48.0 85.0
22.0 49.0 87.0
23.0 28.0 54.0
23.0 28.0 58.0
23.0 29.0 53.0
23.0 29.0 57.0
23.0 29.0 58.0
23.0 30.0 56.0
23.0 30.0 58.0
23.0 30.0 63.0
24.0 32.0 66.0
24.0 33.0 67.0
24.0 33.0 69.0
24.0 33.0 72.0
24.0 34.0 65.0
24.0 34.0 74.0
24.0 36.0 64.0
24.0 36.0 69.0
24.0 36.0 72.0
24.0 36.0 75.0
24.0 37.0 74.0
24.0 37.0 78.0
24.0 38.0 65.0
24.0 38.0 66.0
24.0 38.0 77.0
24.0 38.0 78.0
24.0 39.0 65.0
24.0 40.0 77.0
24.0 41.0 67.0
24.0 41.0 75.0
24.0 41.0 77.0
24.0 41.0 78.0
24.0 41.0 81.0
24.0 42.0 75.0
24.0 42.0 78.0
24.0 42.0 79.0
24.0 43.0 79.0
24.0 43.0 80.0
24.0 43.0 81.0
24.0 43.0 82.0
24.0 44.0 79.0
24.0 44.0 80.0
24.0 44.0 81.0
24.0 45.0 79.0
14.0 25.0 61.0
14.0 25.0 63.0
14.0 26.0 55.0
14.0 26.0 56.0
14.0 26.0 57.0
14.0 26.0 58.0
14.0 26.0 59.0
14.0 26.0 60.0
14.0 26.0 61.0
14.0 26.0 62.0
14.0 26.0 63.0
14.0 26.0 64.0
14.0 26.0 65.0
14.0 27.0 53.0
14.0 27.0 55.0
14.0 27.0 56.0
14.0 27.0 57.0
14.0 27.0 59.0
14.0 27.0 60.0
14.0 27.0 61.0
14.0 27.0 62.0
14.0 27.0 63.0
14.0 27.0 64.0
14.0 27.0 65.0
14.0 27.0 67.0
14.0 28.0 56.0
14.0 28.0 57.0
14.0 28.0 58.0
14.0 28.0 59.0
14.0 28.0 60.0
14.0 28.0 61.0
14.0 28.0 64.0
14.0 28.0 65.0
14.0 28.0 66.0
14.0 28.0 68.0
14.0 29.0 56.0
14.0 29.0 57.0
14.0 29.0 59.0
15.0 30.0 61.0
15.0 30.0 62.0
15.0 30.0 63.0
15.0 30.0 64.0
15.0 31.0 69.0
15.0 31.0 71.0
15.0 32.0 63.0
15.0 32.0 64.0
15.0 32.0 65.0
15.0 32.0 66.0
15.0 32.0 69.0
15.0 32.0 70.0
15.0 32.0 72.0
15.0 33.0 62.0
15.0 33.0 63.0
15.0 33.0 64.0
15.0 33.0 65.0
15.0 33.0 66.0
15.0 33.0 67.0
15.0 33.0 68.0
15.0 33.0 71.0
15.0 33.0 72.0
15.0 33.0 73.0
15.0 34.0 63.0
15.0 34.0 64.0
15.0 34.0 65.0
15.0 34.0 66.0
15.0 34.0 67.0
15.0 34.0 68.0
15.0 34.0 70.0
15.0 34.0 71.0
15.0 34.0 72.0
15.0 35.0 64.0
16.0 23.0 50.0
16.0 24.0 48.0
16.0 24.0 49.0
16.0 24.0 50.0
16.0 24.0 51.0
16.0 32.0 63.0
16.0 32.0 64.0
16.0 32.0 65.0
16.0 32.0 66.0
16.0 32.0 67.0
16.0 33.0 61.0
16.0 33.0 62.0
16.0 33.0 63.0
16.0 33.0 64.0
16.0 33.0 65.0
16.0 33.0 66.0
16.0 33.0 67.0
16.0 33.0 68.0
16.0 33.0 69.0
16.0 33.0 70.0
16.0 33.0 71.0
16.0 34.0 62.0
16.0 34.0 63.0
16.0 34.0 64.0
16.0 34.0 65.0
16.0 34.0 66.0
16.0 34.0 67.0
16.0 34.0 68.0
16.0 34.0 69.0
16.0 34.0 70.0
16.0 34.0 71.0
16.0 34.0 72.0
16.0 35.0 61.0
16.0 35.0 63.0
16.0 35.0 64.0
16.0 35.0 67.0
16.0 35.0 68.0
16.0 35.0 69.0
16.0 35.0 70.0
16.0 35.0 71.0
16.0 35.0 72.0
16.0 35.0 73.0
16.0 36.0 64.0
17.0 34.0 64.0
17.0 34.0 65.0
17.0 34.0 66.0
17.0 34.0 67.0
17.0 34.0 68.0
17.0 34.0 71.0
17.0 34.0 72.0
17.0 34.0 73.0
17.0 35.0 62.0
17.0 35.0 63.0
17.0 35.0 64.0
17.0 35.0 65.0
17.0 35.0 66.0
17.0 35.0 67.0
17.0 35.0 68.0
17.0 35.0 69.0
17.0 35.0 71.0
17.0 35.0 72.0
17.0 35.0 73.0
17.0 36.0 65.0
17.0 36.0 68.0
17.0 36.0 69.0
17.0 36.0 70.0
17.0 36.0 71.0
17.0 36.0 73.0
17.0 36.0 75.0
17.0 58.0 57.0
18.0 25.0 54.0
18.0 25.0 59.0
18.0 26.0 53.0
18.0 26.0 54.0
18.0 26.0 55.0
18.0 26.0 56.0
18.0 27.0 53.0
18.0 27.0 54.0
18.0 27.0 55.0
18.0 27.0 58.0
18.0 27.0 60.0
18.0 37.0 73.0
18.0 37.0 74.0
18.0 37.0 75.0
18.0 38.0 64.0
18.0 38.0 73.0
18.0 38.0 78.0
18.0 38.0 79.0
18.0 39.0 77.0
18.0 39.0 78.0
18.0 39.0 79.0
18.0 39.0 80.0
18.0 40.0 78.0
18.0 40.0 79.0
18.0 40.0 80.0
18.0 40.0 81.0
19.0 26.0 57.0
19.0 26.0 58.0
19.0 27.0 52.0
19.0 27.0 54.0
19.0 27.0 58.0
19.0 27.0 59.0
19.0 28.0 53.0
19.0 28.0 54.0
19.0 28.0 55.0
19.0 28.0 56.0
19.0 28.0 57.0
19.0 28.0 58.0
19.0 28.0 60.0
19.0 28.0 62.0
19.0 29.0 56.0
19.0 29.0 57.0
19.0 29.0 58.0
19.0 29.0 59.0
19.0 29.0 61.0
19.0 29.0 62.0
19.0 29.0 63.0
19.0 29.0 64.0
19.0 29.0 65.0
19.0 39.0 77.0
19.0 39.0 78.0
19.0 39.0 79.0
19.0 39.0 80.0
19.0 39.0 81.0
19.0 40.0 76.0
19.0 40.0 78.0
19.0 40.0 79.0
19.0 40.0 80.0
19.0 40.0 81.0
19.0 41.0 78.0
19.0 41.0 79.0
19.0 41.0 81.0
19.0 43.0 81.0
19.0 43.0 82.0
19.0 44.0 83.0
19.0 45.0 81.0
19.0 45.0 82.0
19.0 45.0 84.0
19.0 45.0 86.0
19.0 46.0 83.0
19.0 65.0 64.0
20.0 40.0 74.0
20.0 27.0 54.0
20.0 28.0 54.0
20.0 28.0 56.0
20.0 28.0 61.0
20.0 29.0 55.0
20.0 29.0 56.0
20.0 29.0 57.0
20.0 29.0 58.0
20.0 29.0 59.0
20.0 29.0 62.0
20.0 29.0 63.0
20.0 30.0 58.0
20.0 30.0 59.0
20.0 30.0 60.0
20.0 30.0 61.0
20.0 42.0 80.0
20.0 42.0 81.0
20.0 42.0 82.0
20.0 43.0 78.0
20.0 43.0 79.0
20.0 43.0 80.0
20.0 43.0 81.0
20.0 43.0 82.0
20.0 43.0 83.0
20.0 43.0 84.0
20.0 44.0 80.0
20.0 44.0 81.0
20.0 44.0 82.0
20.0 44.0 83.0
20.0 44.0 84.0
20.0 44.0 85.0
20.0 45.0 80.0
20.0 45.0 81.0
20.0 45.0 82.0
20.0 45.0 83.0
20.0 45.0 84.0
20.0 45.0 85.0
20.0 46.0 82.0
20.0 46.0 83.0
20.0 46.0 84.0
20.0 47.0 82.0
20.0 61.0 67.0
21.0 27.0 58.0
21.0 27.0 59.0
21.0 28.0 53.0
21.0 28.0 61.0
21.0 28.0 62.0
21.0 29.0 54.0
21.0 29.0 58.0
21.0 29.0 62.0
21.0 30.0 56.0
21.0 30.0 57.0
21.0 30.0 59.0
21.0 46.0 83.0
21.0 46.0 84.0
21.0 46.0 85.0
21.0 46.0 86.0
21.0 47.0 81.0
21.0 47.0 85.0
21.0 47.0 86.0
22.0 24.0 65.0
22.0 27.0 53.0
22.0 27.0 59.0
22.0 27.0 84.0
22.0 28.0 61.0
22.0 28.0 63.0
22.0 29.0 53.0
22.0 29.0 55.0
22.0 29.0 59.0
22.0 29.0 63.0
22.0 30.0 54.0
22.0 30.0 57.0
22.0 30.0 58.0
22.0 30.0 60.0
22.0 30.0 61.0
22.0 30.0 62.0
22.0 30.0 63.0
22.0 30.0 64.0
22.0 30.0 65.0
22.0 30.0 66.0
22.0 31.0 59.0
22.0 31.0 61.0
22.0 31.0 62.0
22.0 31.0 64.0
22.0 31.0 65.0
22.0 32.0 60.0
22.0 32.0 66.0
22.0 32.0 68.0
22.0 33.0 64.0
22.0 33.0 67.0
22.0 33.0 68.0
23.0 30.0 64.0
23.0 31.0 60.0
23.0 31.0 61.0
23.0 31.0 64.0
23.0 31.0 65.0
23.0 31.0 67.0
23.0 32.0 63.0
23.0 32.0 66.0
23.0 33.0 66.0
23.0 33.0 68.0
23.0 34.0 63.0
23.0 34.0 65.0
23.0 34.0 71.0
23.0 34.0 72.0
23.0 35.0 63.0
23.0 35.0 64.0
23.0 35.0 69.0
23.0 35.0 72.0
23.0 35.0 74.0
23.0 36.0 64.0
23.0 38.0 66.0
23.0 38.0 77.0
23.0 39.0 74.0
23.0 39.0 75.0
23.0 39.0 77.0
23.0 41.0 77.0
23.0 41.0 78.0
23.0 41.0 79.0
23.0 41.0 80.0
23.0 42.0 77.0
23.0 42.0 78.0
23.0 42.0 79.0
23.0 42.0 81.0
23.0 42.0 82.0
23.0 43.0 78.0
23.0 43.0 80.0
23.0 43.0 81.0
23.0 43.0 82.0
24.0 45.0 80.0
24.0 45.0 82.0
24.0 45.0 83.0
24.0 45.0 84.0
24.0 46.0 81.0
24.0 46.0 84.0
24.0 46.0 85.0
24.0 47.0 83.0
24.0 47.0 85.0
24.0 48.0 86.0
24.0 48.0 87.0
24.0 49.0 87.0
24.0 49.0 89.0
24.0 50.0 89.0
24.0 50.0 90.0
24.0 50.0 91.0
25.0 31.0 59.0
25.0 31.0 62.0
25.0 31.0 63.0
25.0 32.0 65.0
25.0 32.0 66.0
25.0 32.0 67.0
25.0 33.0 66.0
25.0 33.0 69.0
25.0 34.0 64.0
25.0 34.0 68.0
25.0 34.0 72.0
25.0 35.0 64.0
25.0 35.0 74.0
25.0 36.0 64.0
25.0 37.0 65.0
25.0 37.0 66.0
25.0 38.0 78.0
25.0 39.0 67.0
62.0 77.0 110.0
62.0 77.0 111.0
62.0 77.0 113.0
62.0 77.0 115.0
62.0 77.0 116.0
62.0 78.0 108.0
62.0 78.0 110.0
62.0 78.0 111.0
62.0 78.0 112.0
62.0 78.0 113.0
62.0 78.0 114.0
62.0 78.0 115.0
62.0 78.0 116.0
62.0 78.0 117.0
62.0 79.0 111.0
62.0 79.0 112.0
62.0 79.0 113.0
62.0 79.0 114.0
63.0 80.0 103.0
63.0 80.0 111.0
63.0 80.0 113.0
63.0 80.0 114.0
63.0 80.0 115.0
63.0 80.0 116.0
63.0 80.0 117.0
63.0 80.0 118.0
63.0 80.0 119.0
63.0 80.0 120.0
63.0 81.0 111.0
63.0 81.0 113.0
63.0 81.0 114.0
63.0 81.0 115.0
63.0 81.0 116.0
63.0 81.0 117.0
63.0 81.0 118.0
63.0 81.0 119.0
63.0 81.0 120.0
63.0 82.0 115.0
63.0 82.0 116.0
63.0 82.0 117.0
63.0 82.0 118.0
63.0 82.0 119.0
63.0 82.0 120.0
63.0 82.0 121.0
63.0 83.0 116.0
63.0 83.0 117.0
63.0 83.0 118.0
63.0 83.0 119.0
63.0 83.0 120.0
63.0 83.0 121.0
63.0 83.0 122.0
63.0 84.0 118.0
63.0 84.0 119.0
63.0 84.0 120.0
63.0 84.0 121.0
63.0 85.0 122.0
65.0 80.0 113.0
65.0 80.0 114.0
65.0 80.0 115.0
65.0 80.0 116.0
65.0 80.0 118.0
65.0 81.0 112.0
65.0 81.0 113.0
65.0 81.0 115.0
65.0 81.0 116.0
65.0 81.0 117.0
65.0 81.0 118.0
65.0 81.0 119.0
65.0 81.0 120.0
65.0 82.0 111.0
65.0 82.0 113.0
65.0 82.0 114.0
65.0 82.0 115.0
65.0 82.0 116.0
65.0 82.0 117.0
65.0 82.0 118.0
65.0 82.0 119.0
65.0 82.0 120.0
65.0 82.0 121.0
65.0 83.0 111.0
65.0 83.0 114.0
65.0 83.0 116.0
65.0 83.0 117.0
65.0 83.0 118.0
65.0 83.0 119.0
65.0 83.0 120.0
65.0 83.0 121.0
65.0 84.0 113.0
65.0 84.0 115.0
65.0 84.0 116.0
65.0 84.0 117.0
65.0 84.0 118.0
65.0 84.0 119.0
65.0 84.0 120.0
67.0 81.0 115.0
67.0 81.0 116.0
67.0 81.0 117.0
67.0 82.0 114.0
67.0 82.0 116.0
67.0 82.0 117.0
67.0 82.0 118.0
67.0 82.0 119.0
67.0 83.0 106.0
67.0 83.0 117.0
67.0 83.0 118.0
67.0 83.0 119.0
67.0 83.0 120.0
67.0 83.0 121.0
67.0 84.0 113.0
67.0 84.0 114.0
67.0 84.0 116.0
67.0 84.0 117.0
67.0 84.0 118.0
67.0 84.0 119.0
67.0 84.0 120.0
67.0 84.0 121.0
67.0 85.0 116.0
67.0 85.0 118.0
67.0 85.0 119.0
67.0 85.0 120.0
67.0 85.0 121.0
67.0 85.0 122.0
67.0 85.0 123.0
67.0 85.0 124.0
67.0 86.0 119.0
67.0 86.0 120.0
67.0 86.0 121.0
67.0 86.0 122.0
67.0 86.0 123.0
67.0 86.0 126.0
67.0 87.0 119.0
67.0 87.0 120.0
69.0 81.0 112.0
69.0 81.0 119.0
69.0 82.0 108.0
69.0 82.0 109.0
69.0 82.0 112.0
69.0 82.0 115.0
69.0 82.0 116.0
69.0 82.0 117.0
69.0 82.0 118.0
69.0 82.0 119.0
69.0 83.0 111.0
69.0 83.0 112.0
69.0 83.0 113.0
69.0 83.0 115.0
69.0 83.0 117.0
69.0 83.0 119.0
69.0 83.0 120.0
69.0 84.0 112.0
69.0 84.0 114.0
69.0 84.0 115.0
69.0 84.0 116.0
69.0 84.0 117.0
69.0 84.0 118.0
69.0 84.0 119.0
69.0 84.0 120.0
69.0 84.0 123.0
69.0 84.0 124.0
69.0 85.0 111.0
69.0 85.0 117.0
69.0 85.0 118.0
69.0 85.0 119.0
69.0 85.0 120.0
69.0 85.0 121.0
69.0 85.0 123.0
69.0 86.0 116.0
69.0 86.0 119.0
69.0 86.0 120.0
69.0 86.0 121.0
70.0 89.0 124.0
70.0 89.0 125.0
70.0 89.0 126.0
70.0 89.0 127.0
70.0 89.0 129.0
70.0 90.0 123.0
70.0 90.0 124.0
70.0 90.0 125.0
70.0 90.0 126.0
70.0 91.0 124.0
70.0 91.0 127.0
70.0 92.0 126.0
71.0 80.0 108.0
71.0 80.0 115.0
71.0 81.0 114.0
71.0 83.0 109.0
71.0 84.0 109.0
71.0 84.0 112.0
71.0 84.0 113.0
71.0 84.0 116.0
71.0 84.0 117.0
71.0 84.0 120.0
71.0 85.0 115.0
71.0 85.0 116.0
71.0 85.0 117.0
71.0 85.0 119.0
71.0 85.0 120.0
71.0 86.0 115.0
71.0 86.0 116.0
71.0 86.0 117.0
71.0 86.0 119.0
71.0 86.0 120.0
71.0 86.0 121.0
71.0 87.0 116.0
71.0 87.0 118.0
71.0 87.0 119.0
71.0 87.0 120.0
71.0 87.0 121.0
72.0 91.0 129.0
72.0 91.0 130.0
72.0 92.0 125.0
72.0 92.0 126.0
72.0 93.0 131.0
72.0 94.0 126.0
73.0 82.0 113.0
73.0 84.0 116.0
73.0 85.0 113.0
73.0 85.0 115.0
73.0 85.0 119.0
73.0 86.0 113.0
73.0 86.0 115.0
73.0 86.0 121.0
73.0 86.0 125.0
73.0 87.0 116.0
73.0 87.0 118.0
73.0 87.0 119.0
73.0 87.0 120.0
73.0 88.0 118.0
73.0 88.0 119.0
73.0 88.0 120.0
73.0 88.0 122.0
73.0 88.0 123.0
73.0 88.0 124.0
73.0 88.0 125.0
73.0 89.0 118.0
73.0 89.0 119.0
73.0 89.0 120.0
73.0 89.0 121.0
73.0 89.0 122.0
73.0 89.0 123.0
73.0 89.0 124.0
73.0 89.0 125.0
73.0 89.0 126.0
73.0 90.0 119.0
73.0 90.0 121.0
73.0 90.0 122.0
75.0 91.0 114.0
75.0 91.0 121.0
75.0 91.0 123.0
75.0 91.0 124.0
75.0 91.0 125.0
75.0 91.0 127.0
75.0 92.0 121.0
75.0 92.0 125.0
75.0 92.0 128.0
75.0 93.0 120.0
75.0 93.0 123.0
75.0 93.0 125.0
75.0 93.0 126.0
75.0 93.0 128.0
75.0 94.0 126.0
75.0 94.0 127.0
75.0 94.0 128.0
75.0 94.0 129.0
75.0 95.0 128.0
75.0 95.0 131.0
76.0 87.0 116.0
76.0 87.0 121.0
76.0 87.0 124.0
76.0 89.0 110.0
76.0 89.0 123.0
76.0 90.0 112.0
76.0 90.0 115.0
76.0 90.0 122.0
80.0 92.0 115.0
80.0 93.0 114.0
89.0 89.0 122.0
54.0 77.0 113.0
54.0 77.0 115.0
54.0 79.0 112.0
54.0 81.0 119.0
55.0 72.0 107.0
55.0 73.0 106.0
55.0 73.0 109.0
55.0 74.0 104.0
55.0 74.0 105.0
55.0 74.0 112.0
55.0 75.0 109.0
55.0 75.0 111.0
55.0 76.0 114.0
55.0 76.0 115.0
55.0 76.0 117.0
55.0 77.0 105.0
55.0 77.0 110.0
55.0 77.0 113.0
55.0 77.0 116.0
55.0 78.0 113.0
55.0 78.0 115.0
55.0 78.0 116.0
55.0 78.0 117.0
55.0 80.0 118.0
55.0 83.0 121.0
56.0 73.0 102.0
56.0 73.0 104.0
56.0 73.0 108.0
56.0 73.0 113.0
56.0 73.0 115.0
56.0 74.0 102.0
56.0 74.0 107.0
56.0 74.0 109.0
56.0 74.0 110.0
56.0 74.0 111.0
56.0 74.0 112.0
56.0 74.0 113.0
56.0 74.0 115.0
58.0 77.0 115.0
58.0 77.0 119.0
58.0 77.0 119.0
58.0 77.0 120.0
58.0 78.0 111.0
58.0 78.0 112.0
58.0 78.0 113.0
58.0 78.0 114.0
58.0 78.0 115.0
58.0 78.0 116.0
58.0 79.0 114.0
58.0 79.0 115.0
58.0 80.0 117.0
58.0 80.0 119.0
58.0 81.0 111.0
58.0 81.0 119.0
58.0 82.0 109.0
58.0 82.0 118.0
58.0 83.0 120.0
59.0 74.0 109.0
59.0 74.0 111.0
59.0 74.0 112.0
59.0 74.0 115.0
59.0 75.0 103.0
59.0 75.0 108.0
59.0 75.0 109.0
59.0 75.0 110.0
59.0 75.0 111.0
59.0 75.0 112.0
59.0 75.0 115.0
59.0 76.0 103.0
59.0 76.0 106.0
59.0 76.0 108.0
59.0 76.0 109.0
59.0 76.0 110.0
59.0 76.0 111.0
59.0 76.0 112.0
59.0 76.0 113.0
60.0 79.0 119.0
60.0 79.0 120.0
60.0 80.0 110.0
60.0 80.0 111.0
60.0 80.0 114.0
60.0 80.0 115.0
60.0 80.0 115.0
60.0 80.0 116.0
60.0 81.0 115.0
60.0 81.0 117.0
60.0 81.0 118.0
60.0 81.0 119.0
60.0 82.0 117.0
60.0 82.0 118.0
60.0 82.0 119.0
60.0 82.0 120.0
60.0 82.0 121.0
60.0 83.0 118.0
60.0 83.0 119.0
60.0 83.0 120.0
60.0 84.0 118.0
60.0 86.0 121.0
61.0 75.0 107.0
61.0 75.0 111.0
61.0 75.0 112.0
61.0 75.0 113.0
61.0 76.0 101.0
61.0 76.0 106.0
61.0 76.0 107.0
61.0 76.0 109.0
61.0 76.0 110.0
61.0 76.0 111.0
61.0 76.0 112.0
61.0 76.0 117.0
61.0 77.0 109.0
61.0 77.0 110.0
61.0 77.0 111.0
61.0 77.0 112.0
62.0 79.0 115.0
62.0 79.0 116.0
62.0 79.0 117.0
62.0 79.0 120.0
62.0 80.0 107.0
62.0 80.0 112.0
62.0 80.0 113.0
62.0 80.0 114.0
62.0 80.0 115.0
62.0 80.0 116.0
62.0 80.0 117.0
62.0 80.0 118.0
62.0 80.0 120.0
62.0 81.0 110.0
62.0 81.0 111.0
62.0 81.0 113.0
62.0 81.0 114.0
62.0 81.0 115.0
62.0 81.0 116.0
62.0 81.0 117.0
62.0 81.0 118.0
62.0 81.0 119.0
62.0 81.0 120.0
62.0 81.0 122.0
62.0 82.0 114.0
62.0 82.0 115.0
62.0 82.0 116.0
62.0 82.0 117.0
62.0 82.0 118.0
62.0 82.0 119.0
62.0 82.0 120.0
62.0 82.0 121.0
62.0 82.0 122.0
62.0 83.0 117.0
62.0 83.0 118.0
62.0 83.0 119.0
62.0 83.0 121.0
62.0 83.0 122.0
63.0 86.0 120.0
63.0 86.0 125.0
64.0 75.0 117.0
64.0 76.0 105.0
64.0 76.0 115.0
64.0 77.0 107.0
64.0 77.0 109.0
64.0 77.0 112.0
64.0 78.0 111.0
64.0 78.0 113.0
64.0 78.0 114.0
64.0 78.0 115.0
64.0 79.0 107.0
64.0 79.0 109.0
64.0 79.0 110.0
64.0 79.0 111.0
64.0 79.0 113.0
64.0 79.0 114.0
64.0 79.0 115.0
64.0 79.0 116.0
64.0 79.0 117.0
64.0 80.0 108.0
64.0 80.0 112.0
64.0 80.0 113.0
64.0 80.0 114.0
64.0 80.0 115.0
64.0 80.0 116.0
64.0 80.0 117.0
64.0 81.0 112.0
64.0 81.0 113.0
64.0 81.0 116.0
64.0 81.0 117.0
64.0 81.0 118.0
64.0 81.0 119.0
64.0 82.0 110.0
64.0 82.0 113.0
64.0 82.0 116.0
64.0 82.0 117.0
65.0 84.0 121.0
65.0 84.0 122.0
65.0 84.0 123.0
65.0 85.0 119.0
65.0 85.0 122.0
65.0 85.0 123.0
65.0 86.0 119.0
65.0 86.0 120.0
65.0 86.0 122.0
65.0 86.0 123.0
65.0 86.0 124.0
65.0 88.0 123.0
66.0 76.0 103.0
66.0 76.0 110.0
66.0 79.0 111.0
66.0 79.0 113.0
66.0 79.0 116.0
66.0 80.0 112.0
66.0 80.0 114.0
66.0 80.0 115.0
66.0 81.0 112.0
66.0 81.0 114.0
66.0 81.0 115.0
66.0 81.0 116.0
66.0 81.0 117.0
66.0 81.0 118.0
66.0 82.0 109.0
66.0 82.0 111.0
66.0 82.0 113.0
66.0 82.0 114.0
66.0 82.0 115.0
66.0 82.0 116.0
66.0 82.0 117.0
66.0 82.0 118.0
66.0 82.0 120.0
66.0 83.0 112.0
66.0 83.0 115.0
66.0 83.0 116.0
67.0 87.0 123.0
67.0 87.0 124.0
67.0 87.0 126.0
67.0 88.0 122.0
67.0 88.0 123.0
67.0 88.0 124.0
67.0 89.0 124.0
67.0 89.0 126.0
68.0 76.0 105.0
68.0 76.0 112.0
68.0 77.0 111.0
68.0 77.0 113.0
68.0 78.0 110.0
68.0 79.0 104.0
68.0 80.0 108.0
68.0 80.0 109.0
68.0 80.0 117.0
68.0 81.0 111.0
68.0 81.0 112.0
68.0 81.0 114.0
68.0 82.0 111.0
68.0 82.0 112.0
68.0 82.0 113.0
68.0 82.0 114.0
68.0 82.0 115.0
68.0 82.0 116.0
68.0 82.0 117.0
68.0 83.0 113.0
68.0 83.0 116.0
68.0 83.0 117.0
68.0 83.0 119.0
68.0 84.0 113.0
68.0 84.0 114.0
68.0 84.0 115.0
68.0 84.0 116.0
68.0 84.0 117.0
68.0 84.0 118.0
68.0 84.0 119.0
69.0 86.0 122.0
69.0 86.0 123.0
69.0 87.0 117.0
69.0 87.0 121.0
69.0 87.0 122.0
69.0 87.0 123.0
69.0 87.0 124.0
69.0 88.0 119.0
69.0 88.0 121.0
69.0 88.0 122.0
69.0 88.0 123.0
69.0 88.0 125.0
69.0 88.0 126.0
69.0 89.0 120.0
69.0 89.0 123.0
74.0 86.0 120.0
